&a / °	I1 / %
2,736	3,0
2,733	3,0
2,731	3,0
2,728	2,9
2,725	2,9
2,723	2,9
2,720	2,9
2,717	2,9
2,715	2,9
2,712	2,9
2,709	2,9
2,707	2,9
2,704	2,9
2,701	2,9
2,699	2,9
2,696	2,9
2,693	2,9
2,691	2,9
2,688	2,9
2,685	2,9
2,683	2,9
2,680	2,9
2,677	2,9
2,675	2,9
2,672	2,9
2,669	2,9
2,667	2,9
2,664	2,9
2,661	2,9
2,659	2,9
2,656	2,9
2,653	2,9
2,651	2,9
2,648	2,9
2,645	2,9
2,643	2,9
2,640	2,9
2,637	2,9
2,635	2,9
2,632	2,9
2,629	2,9
2,627	2,9
2,624	2,9
2,621	2,9
2,619	2,9
2,616	2,9
2,613	2,9
2,610	2,9
2,608	2,9
2,605	2,9
2,602	2,9
2,600	2,9
2,597	2,9
2,594	2,9
2,592	2,9
2,589	2,9
2,586	2,9
2,584	2,9
2,581	2,9
2,578	2,9
2,576	2,9
2,573	2,9
2,570	2,9
2,568	2,9
2,565	2,9
2,562	2,9
2,560	2,9
2,557	2,9
2,554	2,9
2,552	2,9
2,549	2,9
2,546	2,9
2,544	2,9
2,541	2,9
2,538	2,9
2,536	2,9
2,533	2,9
2,530	2,9
2,528	2,9
2,525	2,9
2,522	2,9
2,520	2,9
2,517	2,9
2,514	2,9
2,512	2,9
2,509	2,9
2,506	2,9
2,504	2,9
2,501	2,9
2,498	2,9
2,496	2,9
2,493	2,9
2,490	2,9
2,488	2,9
2,485	2,9
2,482	2,9
2,480	2,9
2,477	2,9
2,474	2,9
2,472	2,9
2,469	2,9
2,466	2,9
2,464	2,9
2,461	2,9
2,458	2,9
2,456	2,9
2,453	2,9
2,450	3,0
2,448	3,0
2,445	3,0
2,442	3,0
2,440	3,0
2,437	3,0
2,434	3,0
2,432	3,0
2,429	3,0
2,426	3,0
2,424	3,0
2,421	3,0
2,418	3,0
2,416	3,0
2,413	3,0
2,410	3,0
2,408	3,0
2,405	3,0
2,402	3,0
2,400	3,0
2,397	3,0
2,394	3,0
2,392	3,0
2,389	3,0
2,386	3,0
2,384	3,0
2,381	3,0
2,378	3,0
2,376	3,0
2,373	3,0
2,370	3,0
2,368	3,0
2,365	3,0
2,362	3,0
2,360	3,0
2,357	3,0
2,354	3,0
2,352	3,0
2,349	3,0
2,346	3,0
2,344	3,0
2,341	3,0
2,338	3,0
2,336	3,0
2,333	3,0
2,330	3,0
2,328	3,0
2,325	3,0
2,322	3,0
2,320	3,0
2,317	3,0
2,314	3,0
2,312	3,0
2,309	3,0
2,306	3,0
2,304	3,0
2,301	3,0
2,298	3,0
2,296	3,0
2,293	3,0
2,290	3,0
2,288	3,0
2,285	3,0
2,282	3,0
2,280	3,0
2,277	3,0
2,274	3,0
2,272	3,0
2,269	3,0
2,266	3,1
2,264	3,1
2,261	3,1
2,258	3,1
2,256	3,1
2,253	3,1
2,250	3,1
2,248	3,1
2,245	3,1
2,242	3,1
2,240	3,1
2,237	3,1
2,234	3,1
2,231	3,1
2,229	3,1
2,226	3,1
2,223	3,1
2,221	3,1
2,218	3,1
2,215	3,1
2,213	3,1
2,210	3,1
2,207	3,1
2,205	3,1
2,202	3,1
2,199	3,1
2,197	3,1
2,194	3,1
2,191	3,1
2,189	3,1
2,186	3,1
2,183	3,1
2,181	3,1
2,178	3,1
2,175	3,1
2,173	3,1
2,170	3,1
2,167	3,1
2,165	3,1
2,162	3,1
2,159	3,1
2,157	3,1
2,154	3,1
2,151	3,2
2,149	3,2
2,146	3,2
2,143	3,2
2,141	3,2
2,138	3,2
2,135	3,2
2,133	3,2
2,130	3,2
2,127	3,2
2,125	3,2
2,122	3,2
2,119	3,2
2,117	3,2
2,114	3,2
2,111	3,2
2,109	3,2
2,106	3,2
2,103	3,2
2,101	3,2
2,098	3,2
2,095	3,2
2,093	3,2
2,090	3,2
2,087	3,2
2,085	3,2
2,082	3,2
2,079	3,2
2,077	3,2
2,074	3,2
2,071	3,2
2,069	3,2
2,066	3,2
2,063	3,2
2,061	3,2
2,058	3,2
2,055	3,2
2,053	3,2
2,050	3,2
2,047	3,2
2,045	3,2
2,042	3,2
2,039	3,2
2,037	3,2
2,034	3,2
2,031	3,2
2,029	3,2
2,026	3,2
2,023	3,2
2,021	3,2
2,018	3,2
2,015	3,2
2,013	3,2
2,010	3,2
2,007	3,2
2,005	3,2
2,002	3,2
1,999	3,2
1,997	3,2
1,994	3,2
1,991	3,2
1,989	3,2
1,986	3,2
1,983	3,2
1,980	3,2
1,978	3,2
1,975	3,2
1,972	3,2
1,970	3,2
1,967	3,2
1,964	3,2
1,962	3,2
1,959	3,2
1,956	3,2
1,954	3,2
1,951	3,2
1,948	3,2
1,946	3,2
1,943	3,2
1,940	3,2
1,938	3,2
1,935	3,2
1,932	3,2
1,930	3,2
1,927	3,2
1,924	3,2
1,922	3,2
1,919	3,2
1,916	3,2
1,914	3,2
1,911	3,2
1,908	3,2
1,906	3,2
1,903	3,2
1,900	3,2
1,898	3,2
1,895	3,2
1,892	3,2
1,890	3,2
1,887	3,2
1,884	3,2
1,882	3,2
1,879	3,2
1,876	3,2
1,874	3,2
1,871	3,2
1,868	3,2
1,866	3,2
1,863	3,2
1,860	3,2
1,858	3,2
1,855	3,2
1,852	3,2
1,850	3,2
1,847	3,2
1,844	3,2
1,842	3,2
1,839	3,2
1,836	3,2
1,834	3,2
1,831	3,2
1,828	3,2
1,826	3,2
1,823	3,2
1,820	3,2
1,818	3,2
1,815	3,2
1,812	3,2
1,810	3,2
1,807	3,2
1,804	3,2
1,802	3,2
1,799	3,2
1,796	3,2
1,794	3,2
1,791	3,2
1,788	3,2
1,786	3,2
1,783	3,2
1,780	3,2
1,778	3,2
1,775	3,2
1,772	3,2
1,769	3,2
1,767	3,2
1,764	3,2
1,761	3,2
1,759	3,2
1,756	3,2
1,753	3,2
1,751	3,2
1,748	3,2
1,745	3,2
1,743	3,2
1,740	3,2
1,737	3,2
1,735	3,2
1,732	3,2
1,729	3,2
1,727	3,2
1,724	3,2
1,721	3,2
1,719	3,2
1,716	3,2
1,713	3,2
1,711	3,2
1,708	3,2
1,705	3,2
1,703	3,2
1,700	3,2
1,697	3,2
1,695	3,2
1,692	3,2
1,689	3,2
1,687	3,2
1,684	3,2
1,681	3,2
1,679	3,2
1,676	3,2
1,673	3,2
1,671	3,2
1,668	3,2
1,665	3,2
1,663	3,2
1,660	3,2
1,657	3,2
1,655	3,2
1,652	3,2
1,649	3,2
1,647	3,2
1,644	3,2
1,641	3,2
1,639	3,2
1,636	3,2
1,633	3,2
1,631	3,2
1,628	3,2
1,625	3,2
1,623	3,2
1,620	3,2
1,617	3,2
1,615	3,2
1,612	3,2
1,609	3,2
1,607	3,2
1,604	3,2
1,601	3,2
1,599	3,2
1,596	3,2
1,593	3,2
1,591	3,2
1,588	3,2
1,585	3,2
1,582	3,2
1,580	3,2
1,577	3,2
1,574	3,2
1,572	3,2
1,569	3,2
1,566	3,2
1,564	3,2
1,561	3,2
1,558	3,2
1,556	3,2
1,553	3,3
1,550	3,3
1,548	3,3
1,545	3,3
1,542	3,3
1,540	3,3
1,537	3,3
1,534	3,3
1,532	3,3
1,529	3,3
1,526	3,3
1,524	3,3
1,521	3,3
1,518	3,3
1,516	3,3
1,513	3,2
1,510	3,2
1,508	3,2
1,505	3,3
1,502	3,3
1,500	3,3
1,497	3,3
1,494	3,3
1,492	3,3
1,489	3,3
1,486	3,3
1,484	3,3
1,481	3,3
1,478	3,3
1,476	3,3
1,473	3,3
1,470	3,3
1,468	3,3
1,465	3,3
1,462	3,3
1,460	3,3
1,457	3,3
1,454	3,3
1,452	3,3
1,449	3,3
1,446	3,3
1,444	3,3
1,441	3,3
1,438	3,3
1,436	3,3
1,433	3,3
1,430	3,3
1,428	3,3
1,425	3,3
1,422	3,3
1,419	3,3
1,417	3,3
1,414	3,3
1,411	3,3
1,409	3,3
1,406	3,3
1,403	3,3
1,401	3,3
1,398	3,3
1,395	3,3
1,393	3,3
1,390	3,3
1,387	3,3
1,385	3,3
1,382	3,3
1,379	3,3
1,377	3,3
1,374	3,3
1,371	3,3
1,369	3,4
1,366	3,4
1,363	3,4
1,361	3,4
1,358	3,4
1,355	3,4
1,353	3,4
1,350	3,4
1,347	3,4
1,345	3,4
1,342	3,4
1,339	3,4
1,337	3,4
1,334	3,4
1,331	3,4
1,329	3,4
1,326	3,4
1,323	3,4
1,321	3,4
1,318	3,4
1,315	3,4
1,313	3,4
1,310	3,4
1,307	3,4
1,305	3,4
1,302	3,4
1,299	3,4
1,297	3,4
1,294	3,4
1,291	3,4
1,289	3,4
1,286	3,4
1,283	3,4
1,281	3,4
1,278	3,4
1,275	3,4
1,273	3,4
1,270	3,4
1,267	3,4
1,265	3,4
1,262	3,4
1,259	3,4
1,256	3,4
1,254	3,4
1,251	3,4
1,248	3,4
1,246	3,4
1,243	3,4
1,240	3,4
1,238	3,4
1,235	3,4
1,232	3,4
1,230	3,4
1,227	3,4
1,224	3,4
1,222	3,4
1,219	3,4
1,216	3,4
1,214	3,4
1,211	3,4
1,208	3,4
1,206	3,4
1,203	3,4
1,200	3,4
1,198	3,4
1,195	3,4
1,192	3,4
1,190	3,4
1,187	3,4
1,184	3,4
1,182	3,4
1,179	3,4
1,176	3,4
1,174	3,4
1,171	3,4
1,168	3,4
1,166	3,4
1,163	3,4
1,160	3,4
1,158	3,4
1,155	3,4
1,152	3,4
1,150	3,4
1,147	3,4
1,144	3,4
1,142	3,4
1,139	3,4
1,136	3,4
1,134	3,4
1,131	3,4
1,128	3,4
1,126	3,4
1,123	3,4
1,120	3,4
1,118	3,4
1,115	3,4
1,112	3,4
1,109	3,4
1,107	3,4
1,104	3,4
1,101	3,4
1,099	3,4
1,096	3,4
1,093	3,4
1,091	3,4
1,088	3,4
1,085	3,4
1,083	3,4
1,080	3,4
1,077	3,4
1,075	3,4
1,072	3,4
1,069	3,4
1,067	3,4
1,064	3,4
1,061	3,4
1,059	3,4
1,056	3,4
1,053	3,4
1,051	3,4
1,048	3,4
1,045	3,4
1,043	3,4
1,040	3,4
1,037	3,4
1,035	3,4
1,032	3,4
1,029	3,4
1,027	3,4
1,024	3,4
1,021	3,4
1,019	3,4
1,016	3,4
1,013	3,4
1,011	3,4
1,008	3,4
1,005	3,4
1,003	3,5
1,000	3,5
0,997	3,5
0,995	3,5
0,992	3,5
0,989	3,4
0,987	3,5
0,984	3,5
0,981	3,5
0,979	3,5
0,976	3,5
0,973	3,5
0,970	3,5
0,968	3,5
0,965	3,5
0,962	3,5
0,960	3,5
0,957	3,5
0,954	3,5
0,952	3,5
0,949	3,5
0,946	3,5
0,944	3,5
0,941	3,5
0,938	3,5
0,936	3,5
0,933	3,5
0,930	3,5
0,928	3,5
0,925	3,5
0,922	3,5
0,920	3,5
0,917	3,5
0,914	3,5
0,912	3,5
0,909	3,5
0,906	3,5
0,904	3,5
0,901	3,5
0,898	3,5
0,896	3,5
0,893	3,5
0,890	3,5
0,888	3,5
0,885	3,5
0,882	3,5
0,880	3,5
0,877	3,5
0,874	3,5
0,872	3,5
0,869	3,5
0,866	3,5
0,864	3,5
0,861	3,5
0,858	3,5
0,856	3,5
0,853	3,5
0,850	3,5
0,848	3,5
0,845	3,5
0,842	3,5
0,840	3,5
0,837	3,5
0,834	3,5
0,831	3,6
0,829	3,5
0,826	3,5
0,823	3,6
0,821	3,6
0,818	3,6
0,815	3,6
0,813	3,6
0,810	3,6
0,807	3,6
0,805	3,6
0,802	3,6
0,799	3,6
0,797	3,6
0,794	3,6
0,791	3,6
0,789	3,6
0,786	3,6
0,783	3,6
0,781	3,6
0,778	3,6
0,775	3,6
0,773	3,6
0,770	3,6
0,767	3,7
0,765	3,6
0,762	3,6
0,759	3,6
0,757	3,6
0,754	3,6
0,751	3,6
0,749	3,6
0,746	3,7
0,743	3,7
0,741	3,7
0,738	3,7
0,735	3,7
0,733	3,7
0,730	3,7
0,727	3,7
0,725	3,7
0,722	3,7
0,719	3,7
0,717	3,7
0,714	3,7
0,711	3,8
0,709	3,8
0,706	3,8
0,703	3,8
0,701	3,8
0,698	3,8
0,695	3,8
0,692	3,8
0,690	3,8
0,687	3,8
0,684	3,8
0,682	3,8
0,679	3,8
0,676	3,8
0,674	3,8
0,671	3,8
0,668	3,8
0,666	3,9
0,663	3,9
0,660	3,9
0,658	3,8
0,655	3,9
0,652	3,9
0,650	3,9
0,647	3,9
0,644	3,9
0,642	3,9
0,639	3,9
0,636	3,9
0,634	3,9
0,631	3,9
0,628	3,9
0,626	3,9
0,623	3,9
0,620	3,9
0,618	3,9
0,615	3,9
0,612	3,9
0,610	3,9
0,607	4,0
0,604	4,0
0,602	4,0
0,599	4,0
0,596	4,0
0,594	4,0
0,591	4,0
0,588	4,0
0,586	4,0
0,583	3,9
0,580	3,9
0,578	4,0
0,575	4,0
0,572	3,9
0,570	3,9
0,567	4,0
0,564	3,9
0,561	3,9
0,559	3,9
0,556	3,9
0,553	3,9
0,551	3,9
0,548	3,9
0,545	3,9
0,543	3,9
0,540	4,0
0,537	4,0
0,535	3,9
0,532	3,9
0,529	3,8
0,527	3,9
0,524	3,9
0,521	3,9
0,519	3,9
0,516	3,9
0,513	3,9
0,511	3,9
0,508	3,8
0,505	3,9
0,503	3,9
0,500	3,9
0,497	3,8
0,495	3,8
0,492	3,8
0,489	3,8
0,487	3,8
0,484	3,9
0,481	3,8
0,479	3,8
0,476	3,8
0,473	3,8
0,471	3,8
0,468	3,8
0,465	3,8
0,463	3,8
0,460	3,8
0,457	3,8
0,455	3,8
0,452	3,8
0,449	3,8
0,447	3,8
0,444	3,8
0,441	3,8
0,438	3,8
0,436	3,8
0,433	3,8
0,430	3,8
0,428	3,8
0,425	3,8
0,422	3,8
0,420	3,8
0,417	3,7
0,414	3,7
0,412	3,7
0,409	3,7
0,406	3,7
0,404	3,7
0,401	3,7
0,398	3,7
0,396	3,8
0,393	3,7
0,390	3,7
0,388	3,7
0,385	3,7
0,382	3,7
0,380	3,7
0,377	3,7
0,374	3,7
0,372	3,7
0,369	3,7
0,366	3,7
0,364	3,7
0,361	3,7
0,358	3,7
0,356	3,7
0,353	3,7
0,350	3,7
0,348	3,7
0,345	3,7
0,342	3,7
0,340	3,7
0,337	3,7
0,334	3,7
0,332	3,7
0,329	3,7
0,326	3,7
0,324	3,7
0,321	3,7
0,318	3,7
0,316	3,7
0,313	3,7
0,310	3,7
0,307	3,7
0,305	3,7
0,302	3,7
0,299	3,7
0,297	3,7
0,294	3,7
0,291	3,7
0,289	3,7
0,286	3,7
0,283	3,7
0,281	3,7
0,278	3,7
0,275	3,7
0,273	3,7
0,270	3,7
0,267	3,7
0,265	3,7
0,262	3,7
0,259	3,7
0,257	3,7
0,254	3,7
0,251	3,7
0,249	3,7
0,246	3,7
0,243	3,8
0,241	3,8
0,238	3,8
0,235	3,8
0,233	3,8
0,230	3,8
0,227	3,8
0,225	3,8
0,222	3,8
0,219	3,8
0,217	3,8
0,214	3,8
0,211	3,8
0,209	3,8
0,206	3,8
0,203	3,8
0,201	3,8
0,198	3,9
0,195	3,9
0,193	3,9
0,190	3,9
0,187	4,0
0,184	4,0
0,182	4,0
0,179	4,0
0,176	4,1
0,174	4,1
0,171	4,1
0,168	4,1
0,166	4,1
0,163	4,2
0,160	4,2
0,158	4,2
0,155	4,3
0,152	4,3
0,150	4,3
0,147	4,4
0,144	4,4
0,142	4,4
0,139	4,4
0,136	4,5
0,134	4,5
0,131	4,5
0,128	4,5
0,126	4,6
0,123	4,6
0,120	4,6
0,118	4,7
0,115	4,7
0,112	4,7
0,110	4,8
0,107	4,8
0,104	4,8
0,102	4,9
0,099	4,9
0,096	4,9
0,094	5,0
0,091	5,0
0,088	5,0
0,086	5,1
0,083	5,1
0,080	5,1
0,078	5,2
0,075	5,2
0,072	5,3
0,070	5,3
0,067	5,3
0,064	5,4
0,061	5,4
0,059	5,4
0,056	5,4
0,053	5,5
0,051	5,5
0,048	5,5
0,045	5,6
0,043	5,6
0,040	5,6
0,037	5,6
0,035	5,7
0,032	5,7
0,029	5,7
0,027	5,7
0,024	5,7
0,021	5,7
0,019	5,8
0,016	5,8
0,013	5,8
0,011	5,8
0,008	5,8
0,005	5,8
0,003	5,8
0,000	6,0
-0,003	6,0
-0,005	5,9
-0,008	5,9
-0,011	5,9
-0,013	5,9
-0,016	5,9
-0,019	5,9
-0,021	5,8
-0,024	5,7
-0,027	5,7
-0,029	5,8
-0,032	5,7
-0,035	5,7
-0,037	5,8
-0,040	5,8
-0,043	5,8
-0,045	5,7
-0,048	5,7
-0,051	5,7
-0,053	5,7
-0,056	5,7
-0,059	5,7
-0,061	5,6
-0,064	5,6
-0,067	5,6
-0,070	5,6
-0,072	5,5
-0,075	5,5
-0,078	5,5
-0,080	5,4
-0,083	5,4
-0,086	5,4
-0,088	5,4
-0,091	5,3
-0,094	5,3
-0,096	5,3
-0,099	5,3
-0,102	5,3
-0,104	5,3
-0,107	5,2
-0,110	5,2
-0,112	5,1
-0,115	5,1
-0,118	5,1
-0,120	5,1
-0,123	5,0
-0,126	5,0
-0,128	4,9
-0,131	4,9
-0,134	4,9
-0,136	4,9
-0,139	4,9
-0,142	4,9
-0,144	4,8
-0,147	4,7
-0,150	4,7
-0,152	4,7
-0,155	4,6
-0,158	4,6
-0,160	4,6
-0,163	4,5
-0,166	4,5
-0,168	4,5
-0,171	4,5
-0,174	4,4
-0,176	4,4
-0,179	4,4
-0,182	4,3
-0,184	4,3
-0,187	4,3
-0,190	4,3
-0,193	4,2
-0,195	4,2
-0,198	4,1
-0,201	4,1
-0,203	4,1
-0,206	4,0
-0,209	4,0
-0,211	4,0
-0,214	4,0
-0,217	4,0
-0,219	3,9
-0,222	3,9
-0,225	3,9
-0,227	3,9
-0,230	3,9
-0,233	3,8
-0,235	3,8
-0,238	3,8
-0,241	3,8
-0,243	3,8
-0,246	3,8
-0,249	3,9
-0,251	3,8
-0,254	3,9
-0,257	3,9
-0,259	3,8
-0,262	3,8
-0,265	3,8
-0,267	3,8
-0,270	3,8
-0,273	3,8
-0,275	3,8
-0,278	3,8
-0,281	3,8
-0,283	3,8
-0,286	3,8
-0,289	3,8
-0,291	3,8
-0,294	3,8
-0,297	3,8
-0,299	3,8
-0,302	3,8
-0,305	3,8
-0,307	3,8
-0,310	3,8
-0,313	3,8
-0,316	3,8
-0,318	3,8
-0,321	3,8
-0,324	3,8
-0,326	3,8
-0,329	3,7
-0,332	3,8
-0,334	3,8
-0,337	3,8
-0,340	3,8
-0,342	3,8
-0,345	3,8
-0,348	3,8
-0,350	3,8
-0,353	3,8
-0,356	3,8
-0,358	3,8
-0,361	3,8
-0,364	3,8
-0,366	3,8
-0,369	3,8
-0,372	3,8
-0,374	3,8
-0,377	3,8
-0,380	3,8
-0,382	3,8
-0,385	3,8
-0,388	3,8
-0,390	3,8
-0,393	3,8
-0,396	3,8
-0,398	3,8
-0,401	3,8
-0,404	3,8
-0,406	3,8
-0,409	3,8
-0,412	3,8
-0,414	3,8
-0,417	3,8
-0,420	3,8
-0,422	3,8
-0,425	3,8
-0,428	3,8
-0,430	3,8
-0,433	3,8
-0,436	3,8
-0,438	3,8
-0,441	3,8
-0,444	3,8
-0,447	3,8
-0,449	3,8
-0,452	3,8
-0,455	3,8
-0,457	3,8
-0,460	3,8
-0,463	3,8
-0,465	3,8
-0,468	3,9
-0,471	3,8
-0,473	3,9
-0,476	3,8
-0,479	3,8
-0,481	3,8
-0,484	3,8
-0,487	3,8
-0,489	3,8
-0,492	3,8
-0,495	3,8
-0,497	3,8
-0,500	3,8
-0,503	3,8
-0,505	3,8
-0,508	3,8
-0,511	3,8
-0,513	3,8
-0,516	3,8
-0,519	3,8
-0,521	3,8
-0,524	3,8
-0,527	3,8
-0,529	3,8
-0,532	3,8
-0,535	3,8
-0,537	3,8
-0,540	3,8
-0,543	3,8
-0,545	3,9
-0,548	3,8
-0,551	3,8
-0,553	3,8
-0,556	3,8
-0,559	3,8
-0,561	3,8
-0,564	3,8
-0,567	3,9
-0,570	3,9
-0,572	3,8
-0,575	3,8
-0,578	3,8
-0,580	3,8
-0,583	3,8
-0,586	3,8
-0,588	3,8
-0,591	3,8
-0,594	3,8
-0,596	3,8
-0,599	3,8
-0,602	3,8
-0,604	3,8
-0,607	3,8
-0,610	3,8
-0,612	3,8
-0,615	3,8
-0,618	3,8
-0,620	3,8
-0,623	3,8
-0,626	3,8
-0,628	3,8
-0,631	3,8
-0,634	3,8
-0,636	3,8
-0,639	3,8
-0,642	3,8
-0,644	3,8
-0,647	3,8
-0,650	3,8
-0,652	3,8
-0,655	3,8
-0,658	3,8
-0,660	3,8
-0,663	3,8
-0,666	3,8
-0,668	3,8
-0,671	3,8
-0,674	3,8
-0,676	3,8
-0,679	3,8
-0,682	3,9
-0,684	3,9
-0,687	3,8
-0,690	3,8
-0,692	3,8
-0,695	3,8
-0,698	3,8
-0,701	3,9
-0,703	3,8
-0,706	3,8
-0,709	3,8
-0,711	3,8
-0,714	3,8
-0,717	3,9
-0,719	3,9
-0,722	3,9
-0,725	3,9
-0,727	3,8
-0,730	3,9
-0,733	3,8
-0,735	3,9
-0,738	3,9
-0,741	3,9
-0,743	3,9
-0,746	3,9
-0,749	3,8
-0,751	3,9
-0,754	3,9
-0,757	3,9
-0,759	3,9
-0,762	3,9
-0,765	3,8
-0,767	3,9
-0,770	3,9
-0,773	3,9
-0,775	3,9
-0,778	3,9
-0,781	3,8
-0,783	3,8
-0,786	3,8
-0,789	3,8
-0,791	3,8
-0,794	3,9
-0,797	3,9
-0,799	3,8
-0,802	3,8
-0,805	3,9
-0,807	3,9
-0,810	3,9
-0,813	3,9
-0,815	3,9
-0,818	3,8
-0,821	3,8
-0,823	3,8
-0,826	3,9
-0,829	3,8
-0,831	3,9
-0,834	3,9
-0,837	3,8
-0,840	3,8
-0,842	3,8
-0,845	3,8
-0,848	3,8
-0,850	3,9
-0,853	3,8
-0,856	3,8
-0,858	3,8
-0,861	3,8
-0,864	3,8
-0,866	3,8
-0,869	3,8
-0,872	3,8
-0,874	3,8
-0,877	3,8
-0,880	3,8
-0,882	3,8
-0,885	3,8
-0,888	3,9
-0,890	3,9
-0,893	3,8
-0,896	3,8
-0,898	3,8
-0,901	3,8
-0,904	3,8
-0,906	3,8
-0,909	3,8
-0,912	3,8
-0,914	3,8
-0,917	3,9
-0,920	3,8
-0,922	3,8
-0,925	3,8
-0,928	3,9
-0,930	3,8
-0,933	3,8
-0,936	3,8
-0,938	3,9
-0,941	3,8
-0,944	3,9
-0,946	3,9
-0,949	3,9
-0,952	3,8
-0,954	3,8
-0,957	3,8
-0,960	3,9
-0,962	3,9
-0,965	3,9
-0,968	3,8
-0,970	3,8
-0,973	3,8
-0,976	3,8
-0,979	3,8
-0,981	3,9
-0,984	3,9
-0,987	3,9
-0,989	3,8
-0,992	3,9
-0,995	3,8
-0,997	3,8
-1,000	3,8
-1,003	3,8
-1,005	3,8
-1,008	3,8
-1,011	3,8
-1,013	3,8
-1,016	3,8
-1,019	3,8
-1,021	3,8
-1,024	3,8
-1,027	3,8
-1,029	3,8
-1,032	3,8
-1,035	3,8
-1,037	3,8
-1,040	3,8
-1,043	3,8
-1,045	3,8
-1,048	3,8
-1,051	3,8
-1,053	3,8
-1,056	3,8
-1,059	3,8
-1,061	3,8
-1,064	3,8
-1,067	3,8
-1,069	3,8
-1,072	3,8
-1,075	3,8
-1,077	3,8
-1,080	3,9
-1,083	3,8
-1,085	3,8
-1,088	3,8
-1,091	3,8
-1,093	3,8
-1,096	3,8
-1,099	3,8
-1,101	3,8
-1,104	3,8
-1,107	3,8
-1,109	3,8
-1,112	3,8
-1,115	3,8
-1,118	3,8
-1,120	3,8
-1,123	3,8
-1,126	3,8
-1,128	3,8
-1,131	3,9
-1,134	3,8
-1,136	3,8
-1,139	3,8
-1,142	3,8
-1,144	3,8
-1,147	3,8
-1,150	3,9
-1,152	3,9
-1,155	3,9
-1,158	3,9
-1,160	3,9
-1,163	3,8
-1,166	3,8
-1,168	3,8
-1,171	3,8
-1,174	3,9
-1,176	3,9
-1,179	3,9
-1,182	3,9
-1,184	3,9
-1,187	3,8
-1,190	3,9
-1,192	3,9
-1,195	3,9
-1,198	3,8
-1,200	3,8
-1,203	3,8
-1,206	3,9
-1,208	3,8
-1,211	3,9
-1,214	3,9
-1,216	3,9
-1,219	3,9
-1,222	3,9
-1,224	3,9
-1,227	3,9
-1,230	3,9
-1,232	3,9
-1,235	3,8
-1,238	3,8
-1,240	3,8
-1,243	3,8
-1,246	3,9
-1,248	3,8
-1,251	3,8
-1,254	3,8
-1,256	3,8
-1,259	3,8
-1,262	3,9
-1,265	3,8
-1,267	3,8
-1,270	3,9
-1,273	3,8
-1,275	3,8
-1,278	3,8
-1,281	3,9
-1,283	3,9
-1,286	3,9
-1,289	3,9
-1,291	3,9
-1,294	3,8
-1,297	3,9
-1,299	3,9
-1,302	3,9
-1,305	3,9
-1,307	3,9
-1,310	3,9
-1,313	3,9
-1,315	3,9
-1,318	3,9
-1,321	3,9
-1,323	3,9
-1,326	3,9
-1,329	3,9
-1,331	3,9
-1,334	3,8
-1,337	3,9
-1,339	3,9
-1,342	3,8
-1,345	3,9
-1,347	3,9
-1,350	3,8
-1,353	3,8
-1,355	3,9
-1,358	3,9
-1,361	3,9
-1,363	3,9
-1,366	3,9
-1,369	3,9
-1,371	3,8
-1,374	3,8
-1,377	3,8
-1,379	3,8
-1,382	3,8
-1,385	3,8
-1,387	3,8
-1,390	3,8
-1,393	3,8
-1,395	3,8
-1,398	3,8
-1,401	3,7
-1,403	3,7
-1,406	3,7
-1,409	3,7
-1,411	3,7
-1,414	3,8
-1,417	3,7
-1,419	3,7
-1,422	3,7
-1,425	3,7
-1,428	3,7
-1,430	3,8
-1,433	3,8
-1,436	3,8
-1,438	3,7
-1,441	3,7
-1,444	3,7
-1,446	3,7
-1,449	3,8
-1,452	3,8
-1,454	3,8
-1,457	3,7
-1,460	3,8
-1,462	3,8
-1,465	3,8
-1,468	3,8
-1,470	3,8
-1,473	3,8
-1,476	3,7
-1,478	3,7
-1,481	3,7
-1,484	3,7
-1,486	3,7
-1,489	3,8
-1,492	3,8
-1,494	3,7
-1,497	3,8
-1,500	3,8
-1,502	3,7
-1,505	3,7
-1,508	3,8
-1,510	3,8
-1,513	3,7
-1,516	3,7
-1,518	3,7
-1,521	3,7
-1,524	3,7
-1,526	3,7
-1,529	3,7
-1,532	3,7
-1,534	3,7
-1,537	3,7
-1,540	3,7
-1,542	3,7
-1,545	3,8
-1,548	3,8
-1,550	3,7
-1,553	3,7
-1,556	3,7
-1,558	3,7
-1,561	3,7
-1,564	3,8
-1,566	3,7
-1,569	3,7
-1,572	3,7
-1,574	3,7
-1,577	3,7
-1,580	3,7
-1,582	3,7
-1,585	3,7
-1,588	3,7
-1,591	3,7
-1,593	3,7
-1,596	3,7
-1,599	3,7
-1,601	3,7
-1,604	3,7
-1,607	3,7
-1,609	3,7
-1,612	3,7
-1,615	3,7
-1,617	3,7
-1,620	3,8
-1,623	3,8
-1,625	3,7
-1,628	3,7
-1,631	3,7
-1,633	3,7
-1,636	3,7
-1,639	3,7
-1,641	3,7
-1,644	3,7
-1,647	3,7
-1,649	3,7
-1,652	3,7
-1,655	3,7
-1,657	3,8
-1,660	3,8
-1,663	3,7
-1,665	3,7
-1,668	3,7
-1,671	3,7
-1,673	3,7
-1,676	3,7
-1,679	3,7
-1,681	3,8
-1,684	3,7
-1,687	3,7
-1,689	3,7
-1,692	3,7
-1,695	3,7
-1,697	3,7
-1,700	3,7
-1,703	3,7
-1,705	3,7
-1,708	3,7
-1,711	3,7
-1,713	3,7
-1,716	3,7
-1,719	3,7
-1,721	3,7
-1,724	3,7
-1,727	3,7
-1,729	3,7
-1,732	3,7
-1,735	3,7
-1,737	3,7
-1,740	3,7
-1,743	3,7
-1,745	3,7
-1,748	3,7
-1,751	3,7
-1,753	3,7
-1,756	3,7
-1,759	3,7
-1,761	3,7
-1,764	3,7
-1,767	3,7
-1,769	3,7
-1,772	3,7
-1,775	3,7
-1,778	3,7
-1,780	3,7
-1,783	3,7
-1,786	3,7
-1,788	3,7
-1,791	3,7
-1,794	3,7
-1,796	3,7
-1,799	3,7
-1,802	3,7
-1,804	3,7
-1,807	3,7
-1,810	3,7
-1,812	3,7
-1,815	3,7
-1,818	3,7
-1,820	3,7
-1,823	3,7
-1,826	3,7
-1,828	3,7
-1,831	3,7
-1,834	3,7
-1,836	3,7
-1,839	3,7
-1,842	3,7
-1,844	3,7
-1,847	3,7
-1,850	3,7
-1,852	3,7
-1,855	3,7
-1,858	3,7
-1,860	3,7
-1,863	3,7
-1,866	3,7
-1,868	3,7
-1,871	3,7
-1,874	3,7
-1,876	3,7
-1,879	3,7
-1,882	3,7
-1,884	3,7
-1,887	3,7
-1,890	3,7
-1,892	3,7
-1,895	3,7
-1,898	3,7
-1,900	3,7
-1,903	3,7
-1,906	3,7
-1,908	3,7
-1,911	3,7
-1,914	3,7
-1,916	3,7
-1,919	3,7
-1,922	3,7
-1,924	3,7
-1,927	3,8
-1,930	3,7
-1,932	3,7
-1,935	3,7
-1,938	3,7
-1,940	3,7
-1,943	3,7
-1,946	3,7
-1,948	3,7
-1,951	3,7
-1,954	3,7
-1,956	3,7
-1,959	3,7
-1,962	3,7
-1,964	3,7
-1,967	3,7
-1,970	3,7
-1,972	3,7
-1,975	3,7
-1,978	3,7
-1,980	3,7
-1,983	3,7
-1,986	3,7
-1,989	3,7
-1,991	3,7
-1,994	3,7
-1,997	3,7
-1,999	3,7
-2,002	3,7
-2,005	3,7
-2,007	3,7
-2,010	3,7
-2,013	3,7
-2,015	3,7
-2,018	3,7
-2,021	3,7
-2,023	3,7
-2,026	3,7
-2,029	3,7
-2,031	3,7
-2,034	3,7
-2,037	3,7
-2,039	3,7
-2,042	3,7
-2,045	3,7
-2,047	3,7
-2,050	3,7
-2,053	3,7
-2,055	3,7
-2,058	3,7
-2,061	3,7
-2,063	3,7
-2,066	3,7
-2,069	3,7
-2,071	3,7
-2,074	3,7
-2,077	3,6
-2,079	3,6
-2,082	3,7
-2,085	3,6
-2,087	3,6
-2,090	3,6
-2,093	3,6
-2,095	3,6
-2,098	3,6
-2,101	3,6
-2,103	3,7
-2,106	3,7
-2,109	3,7
-2,111	3,7
-2,114	3,6
-2,117	3,7
-2,119	3,7
-2,122	3,7
-2,125	3,7
-2,127	3,7
-2,130	3,7
-2,133	3,7
-2,135	3,7
-2,138	3,7
-2,141	3,6
-2,143	3,6
-2,146	3,7
-2,149	3,7
-2,151	3,7
-2,154	3,7
-2,157	3,7
-2,159	3,7
-2,162	3,7
-2,165	3,7
-2,167	3,7
-2,170	3,6
-2,173	3,7
-2,175	3,7
-2,178	3,7
-2,181	3,7
-2,183	3,7
-2,186	3,7
-2,189	3,7
-2,191	3,7
-2,194	3,7
-2,197	3,6
-2,199	3,6
-2,202	3,6
-2,205	3,7
-2,207	3,6
-2,210	3,7
-2,213	3,7
-2,215	3,7
-2,218	3,7
-2,221	3,7
-2,223	3,6
-2,226	3,7
-2,229	3,7
-2,231	3,7
-2,234	3,6
-2,237	3,7
-2,240	3,7
-2,242	3,6
-2,245	3,6
-2,248	3,7
-2,250	3,7
-2,253	3,7
-2,256	3,6
-2,258	3,7
-2,261	3,7
-2,264	3,6
-2,266	3,6
-2,269	3,7
-2,272	3,6
-2,274	3,7
-2,277	3,7
-2,280	3,7
-2,282	3,6
-2,285	3,6
-2,288	3,6
-2,290	3,6
-2,293	3,6
-2,296	3,6
-2,298	3,6
-2,301	3,6
-2,304	3,6
-2,306	3,6
-2,309	3,6
-2,312	3,6
-2,314	3,6
-2,317	3,6
-2,320	3,6
-2,322	3,6
-2,325	3,6
-2,328	3,6
-2,330	3,6
-2,333	3,6
-2,336	3,6
-2,338	3,6
-2,341	3,6
-2,344	3,6
-2,346	3,6
-2,349	3,6
-2,352	3,6
-2,354	3,6
-2,357	3,6
-2,360	3,6
-2,362	3,6
-2,365	3,7
-2,368	3,6
-2,370	3,6
-2,373	3,6
-2,376	3,6
-2,378	3,6
-2,381	3,6
-2,384	3,6
-2,386	3,6
-2,389	3,6
-2,392	3,6
-2,394	3,6
-2,397	3,6
-2,400	3,6
-2,402	3,6
-2,405	3,6
-2,408	3,6
-2,410	3,6
-2,413	3,6
-2,416	3,6
-2,418	3,6
-2,421	3,6
-2,424	3,6
-2,426	3,6
-2,429	3,6
-2,432	3,6
-2,434	3,6
-2,437	3,6
-2,440	3,6
-2,442	3,6
-2,445	3,6
-2,448	3,6
-2,450	3,6
-2,453	3,6
-2,456	3,6
-2,458	3,6
-2,461	3,6
-2,464	3,6
-2,466	3,6
-2,469	3,6
-2,472	3,6
-2,474	3,6
-2,477	3,6
-2,480	3,6
-2,482	3,6
-2,485	3,6
-2,488	3,6
-2,490	3,6
-2,493	3,6
-2,496	3,6
-2,498	3,6
-2,501	3,6
-2,504	3,6
-2,506	3,6
-2,509	3,6
-2,512	3,6
-2,514	3,6
-2,517	3,6
-2,520	3,6
-2,522	3,6
-2,525	3,6
-2,528	3,6
-2,530	3,6
-2,533	3,6
-2,536	3,6
-2,538	3,6
-2,541	3,6
-2,544	3,6
-2,546	3,6
-2,549	3,6
-2,552	3,6
-2,554	3,6
-2,557	3,6
-2,560	3,6
-2,562	3,6
-2,565	3,6
-2,568	3,6
-2,570	3,6
-2,573	3,6
-2,576	3,6
-2,578	3,6
-2,581	3,6
-2,584	3,6
-2,586	3,6
-2,589	3,6
-2,592	3,6
-2,594	3,6
-2,597	3,6
-2,600	3,6
-2,602	3,6
-2,605	3,6
-2,608	3,6
-2,610	3,6
-2,613	3,6
-2,616	3,6
-2,619	3,6
-2,621	3,6
-2,624	3,6
-2,627	3,6
-2,629	3,6
-2,632	3,6
-2,635	3,6
-2,637	3,6
-2,640	3,6
-2,643	3,6
-2,645	3,6
-2,648	3,6
-2,651	3,6
-2,653	3,6
-2,656	3,6
-2,659	3,6
-2,661	3,6
-2,664	3,6
-2,667	3,6
-2,669	3,6
-2,672	3,6
-2,675	3,6
-2,677	3,6
-2,680	3,6
-2,683	3,6
-2,685	3,6
-2,688	3,6
-2,691	3,6
-2,693	3,6
-2,696	3,6
-2,699	3,6
-2,701	3,6
-2,704	3,6
-2,707	3,6
-2,709	3,6
-2,712	3,6
-2,715	3,6
-2,717	3,6
-2,720	3,6
-2,723	3,6
-2,725	3,6
-2,728	3,6
-2,731	3,6
-2,733	3,7
