&a / °	I1 / %
2,736	3,1
2,733	3,1
2,731	3,1
2,728	3,1
2,725	3,1
2,723	3,1
2,720	3,1
2,717	3,1
2,715	3,1
2,712	3,1
2,709	3,1
2,707	3,1
2,704	3,1
2,701	3,1
2,699	3,1
2,696	3,1
2,693	3,1
2,691	3,1
2,688	3,1
2,685	3,1
2,683	3,1
2,680	3,1
2,677	3,1
2,675	3,1
2,672	3,1
2,669	3,1
2,667	3,1
2,664	3,1
2,661	3,1
2,659	3,1
2,656	3,1
2,653	3,1
2,651	3,1
2,648	3,1
2,645	3,1
2,643	3,1
2,640	3,1
2,637	3,1
2,635	3,1
2,632	3,1
2,629	3,1
2,627	3,1
2,624	3,1
2,621	3,1
2,619	3,1
2,616	3,1
2,613	3,1
2,610	3,1
2,608	3,1
2,605	3,1
2,602	3,1
2,600	3,1
2,597	3,1
2,594	3,1
2,592	3,1
2,589	3,1
2,586	3,1
2,584	3,1
2,581	3,1
2,578	3,1
2,576	3,1
2,573	3,1
2,570	3,1
2,568	3,1
2,565	3,1
2,562	3,1
2,560	3,1
2,557	3,1
2,554	3,1
2,552	3,1
2,549	3,1
2,546	3,1
2,544	3,1
2,541	3,1
2,538	3,1
2,536	3,1
2,533	3,1
2,530	3,1
2,528	3,1
2,525	3,1
2,522	3,1
2,520	3,1
2,517	3,1
2,514	3,1
2,512	3,1
2,509	3,1
2,506	3,1
2,504	3,1
2,501	3,1
2,498	3,1
2,496	3,1
2,493	3,1
2,490	3,1
2,488	3,1
2,485	3,1
2,482	3,1
2,480	3,1
2,477	3,1
2,474	3,1
2,472	3,1
2,469	3,1
2,466	3,1
2,464	3,1
2,461	3,1
2,458	3,1
2,456	3,1
2,453	3,1
2,450	3,1
2,448	3,1
2,445	3,1
2,442	3,1
2,440	3,1
2,437	3,1
2,434	3,1
2,432	3,1
2,429	3,1
2,426	3,1
2,424	3,1
2,421	3,1
2,418	3,1
2,416	3,1
2,413	3,1
2,410	3,1
2,408	3,1
2,405	3,1
2,402	3,1
2,400	3,1
2,397	3,1
2,394	3,1
2,392	3,1
2,389	3,1
2,386	3,1
2,384	3,1
2,381	3,1
2,378	3,1
2,376	3,1
2,373	3,1
2,370	3,1
2,368	3,1
2,365	3,1
2,362	3,1
2,360	3,1
2,357	3,1
2,354	3,1
2,352	3,1
2,349	3,1
2,346	3,1
2,344	3,1
2,341	3,1
2,338	3,1
2,336	3,1
2,333	3,1
2,330	3,1
2,328	3,1
2,325	3,1
2,322	3,1
2,320	3,1
2,317	3,1
2,314	3,1
2,312	3,1
2,309	3,1
2,306	3,1
2,304	3,1
2,301	3,1
2,298	3,1
2,296	3,1
2,293	3,1
2,290	3,1
2,288	3,1
2,285	3,1
2,282	3,1
2,280	3,1
2,277	3,1
2,274	3,1
2,272	3,1
2,269	3,1
2,266	3,1
2,264	3,1
2,261	3,1
2,258	3,2
2,256	3,1
2,253	3,1
2,250	3,1
2,248	3,1
2,245	3,1
2,242	3,1
2,240	3,1
2,237	3,2
2,234	3,2
2,231	3,2
2,229	3,2
2,226	3,2
2,223	3,2
2,221	3,2
2,218	3,2
2,215	3,2
2,213	3,2
2,210	3,2
2,207	3,2
2,205	3,2
2,202	3,2
2,199	3,2
2,197	3,2
2,194	3,2
2,191	3,2
2,189	3,2
2,186	3,2
2,183	3,2
2,181	3,2
2,178	3,2
2,175	3,2
2,173	3,2
2,170	3,2
2,167	3,2
2,165	3,2
2,162	3,2
2,159	3,2
2,157	3,2
2,154	3,2
2,151	3,2
2,149	3,2
2,146	3,2
2,143	3,2
2,141	3,2
2,138	3,2
2,135	3,2
2,133	3,2
2,130	3,2
2,127	3,2
2,125	3,3
2,122	3,3
2,119	3,3
2,117	3,3
2,114	3,3
2,111	3,3
2,109	3,3
2,106	3,3
2,103	3,3
2,101	3,3
2,098	3,3
2,095	3,3
2,093	3,3
2,090	3,3
2,087	3,3
2,085	3,3
2,082	3,3
2,079	3,3
2,077	3,3
2,074	3,3
2,071	3,3
2,069	3,3
2,066	3,3
2,063	3,3
2,061	3,3
2,058	3,3
2,055	3,3
2,053	3,3
2,050	3,3
2,047	3,3
2,045	3,3
2,042	3,3
2,039	3,3
2,037	3,3
2,034	3,3
2,031	3,3
2,029	3,4
2,026	3,3
2,023	3,3
2,021	3,3
2,018	3,4
2,015	3,4
2,013	3,4
2,010	3,4
2,007	3,4
2,005	3,4
2,002	3,4
1,999	3,4
1,997	3,4
1,994	3,4
1,991	3,4
1,989	3,4
1,986	3,4
1,983	3,4
1,980	3,4
1,978	3,4
1,975	3,4
1,972	3,4
1,970	3,4
1,967	3,4
1,964	3,4
1,962	3,4
1,959	3,4
1,956	3,4
1,954	3,4
1,951	3,4
1,948	3,4
1,946	3,4
1,943	3,4
1,940	3,4
1,938	3,4
1,935	3,4
1,932	3,4
1,930	3,4
1,927	3,4
1,924	3,4
1,922	3,4
1,919	3,4
1,916	3,4
1,914	3,4
1,911	3,4
1,908	3,4
1,906	3,4
1,903	3,4
1,900	3,4
1,898	3,4
1,895	3,4
1,892	3,4
1,890	3,4
1,887	3,4
1,884	3,4
1,882	3,4
1,879	3,4
1,876	3,4
1,874	3,4
1,871	3,4
1,868	3,4
1,866	3,4
1,863	3,4
1,860	3,4
1,858	3,4
1,855	3,4
1,852	3,4
1,850	3,4
1,847	3,4
1,844	3,4
1,842	3,4
1,839	3,4
1,836	3,4
1,834	3,4
1,831	3,4
1,828	3,4
1,826	3,4
1,823	3,4
1,820	3,4
1,818	3,4
1,815	3,4
1,812	3,4
1,810	3,4
1,807	3,4
1,804	3,4
1,802	3,4
1,799	3,4
1,796	3,4
1,794	3,4
1,791	3,4
1,788	3,4
1,786	3,4
1,783	3,4
1,780	3,4
1,778	3,4
1,775	3,4
1,772	3,4
1,769	3,4
1,767	3,4
1,764	3,4
1,761	3,4
1,759	3,4
1,756	3,4
1,753	3,4
1,751	3,4
1,748	3,4
1,745	3,4
1,743	3,4
1,740	3,4
1,737	3,4
1,735	3,4
1,732	3,4
1,729	3,4
1,727	3,4
1,724	3,4
1,721	3,4
1,719	3,4
1,716	3,4
1,713	3,4
1,711	3,4
1,708	3,4
1,705	3,4
1,703	3,4
1,700	3,4
1,697	3,5
1,695	3,4
1,692	3,4
1,689	3,4
1,687	3,5
1,684	3,4
1,681	3,4
1,679	3,4
1,676	3,5
1,673	3,5
1,671	3,4
1,668	3,5
1,665	3,5
1,663	3,4
1,660	3,4
1,657	3,4
1,655	3,4
1,652	3,4
1,649	3,5
1,647	3,5
1,644	3,5
1,641	3,5
1,639	3,5
1,636	3,5
1,633	3,5
1,631	3,5
1,628	3,5
1,625	3,5
1,623	3,5
1,620	3,5
1,617	3,5
1,615	3,4
1,612	3,5
1,609	3,5
1,607	3,5
1,604	3,5
1,601	3,5
1,599	3,4
1,596	3,5
1,593	3,5
1,591	3,5
1,588	3,4
1,585	3,4
1,582	3,5
1,580	3,5
1,577	3,5
1,574	3,5
1,572	3,5
1,569	3,5
1,566	3,5
1,564	3,5
1,561	3,5
1,558	3,5
1,556	3,5
1,553	3,5
1,550	3,5
1,548	3,5
1,545	3,5
1,542	3,5
1,540	3,5
1,537	3,5
1,534	3,5
1,532	3,5
1,529	3,5
1,526	3,5
1,524	3,5
1,521	3,5
1,518	3,5
1,516	3,5
1,513	3,5
1,510	3,5
1,508	3,5
1,505	3,5
1,502	3,5
1,500	3,5
1,497	3,5
1,494	3,5
1,492	3,5
1,489	3,5
1,486	3,5
1,484	3,5
1,481	3,5
1,478	3,5
1,476	3,5
1,473	3,5
1,470	3,5
1,468	3,5
1,465	3,5
1,462	3,5
1,460	3,6
1,457	3,6
1,454	3,5
1,452	3,5
1,449	3,5
1,446	3,5
1,444	3,5
1,441	3,6
1,438	3,5
1,436	3,5
1,433	3,5
1,430	3,6
1,428	3,5
1,425	3,5
1,422	3,5
1,419	3,6
1,417	3,6
1,414	3,5
1,411	3,5
1,409	3,5
1,406	3,5
1,403	3,6
1,401	3,6
1,398	3,6
1,395	3,6
1,393	3,6
1,390	3,5
1,387	3,6
1,385	3,6
1,382	3,6
1,379	3,5
1,377	3,5
1,374	3,5
1,371	3,5
1,369	3,6
1,366	3,6
1,363	3,5
1,361	3,5
1,358	3,5
1,355	3,5
1,353	3,5
1,350	3,5
1,347	3,5
1,345	3,6
1,342	3,5
1,339	3,5
1,337	3,6
1,334	3,6
1,331	3,6
1,329	3,5
1,326	3,6
1,323	3,6
1,321	3,5
1,318	3,6
1,315	3,6
1,313	3,6
1,310	3,5
1,307	3,6
1,305	3,5
1,302	3,5
1,299	3,6
1,297	3,6
1,294	3,6
1,291	3,6
1,289	3,6
1,286	3,6
1,283	3,6
1,281	3,6
1,278	3,6
1,275	3,6
1,273	3,6
1,270	3,6
1,267	3,6
1,265	3,6
1,262	3,6
1,259	3,6
1,256	3,6
1,254	3,6
1,251	3,6
1,248	3,6
1,246	3,6
1,243	3,6
1,240	3,6
1,238	3,6
1,235	3,6
1,232	3,6
1,230	3,5
1,227	3,6
1,224	3,6
1,222	3,6
1,219	3,6
1,216	3,6
1,214	3,6
1,211	3,6
1,208	3,6
1,206	3,6
1,203	3,6
1,200	3,6
1,198	3,6
1,195	3,6
1,192	3,6
1,190	3,6
1,187	3,6
1,184	3,7
1,182	3,6
1,179	3,6
1,176	3,6
1,174	3,6
1,171	3,6
1,168	3,6
1,166	3,6
1,163	3,6
1,160	3,6
1,158	3,6
1,155	3,6
1,152	3,6
1,150	3,6
1,147	3,7
1,144	3,6
1,142	3,6
1,139	3,6
1,136	3,6
1,134	3,6
1,131	3,6
1,128	3,6
1,126	3,6
1,123	3,6
1,120	3,6
1,118	3,6
1,115	3,6
1,112	3,6
1,109	3,6
1,107	3,6
1,104	3,6
1,101	3,6
1,099	3,6
1,096	3,6
1,093	3,7
1,091	3,6
1,088	3,6
1,085	3,6
1,083	3,6
1,080	3,6
1,077	3,6
1,075	3,6
1,072	3,6
1,069	3,6
1,067	3,6
1,064	3,6
1,061	3,6
1,059	3,6
1,056	3,6
1,053	3,6
1,051	3,6
1,048	3,6
1,045	3,6
1,043	3,6
1,040	3,6
1,037	3,6
1,035	3,7
1,032	3,6
1,029	3,6
1,027	3,6
1,024	3,7
1,021	3,7
1,019	3,7
1,016	3,7
1,013	3,7
1,011	3,7
1,008	3,7
1,005	3,7
1,003	3,7
1,000	3,7
0,997	3,7
0,995	3,7
0,992	3,7
0,989	3,7
0,987	3,7
0,984	3,7
0,981	3,7
0,979	3,7
0,976	3,7
0,973	3,7
0,970	3,7
0,968	3,7
0,965	3,7
0,962	3,7
0,960	3,7
0,957	3,7
0,954	3,7
0,952	3,7
0,949	3,7
0,946	3,7
0,944	3,7
0,941	3,7
0,938	3,8
0,936	3,7
0,933	3,7
0,930	3,6
0,928	3,7
0,925	3,6
0,922	3,7
0,920	3,7
0,917	3,7
0,914	3,7
0,912	3,7
0,909	3,7
0,906	3,7
0,904	3,7
0,901	3,7
0,898	3,7
0,896	3,7
0,893	3,7
0,890	3,7
0,888	3,7
0,885	3,7
0,882	3,8
0,880	3,8
0,877	3,8
0,874	3,7
0,872	3,7
0,869	3,7
0,866	3,8
0,864	3,8
0,861	3,8
0,858	3,8
0,856	3,7
0,853	3,8
0,850	3,8
0,848	3,8
0,845	3,8
0,842	3,8
0,840	3,8
0,837	3,8
0,834	3,8
0,831	3,8
0,829	3,8
0,826	3,8
0,823	3,8
0,821	3,8
0,818	3,8
0,815	3,8
0,813	3,8
0,810	3,8
0,807	3,8
0,805	3,8
0,802	3,8
0,799	3,8
0,797	3,8
0,794	3,8
0,791	3,8
0,789	3,8
0,786	3,8
0,783	3,8
0,781	3,8
0,778	3,8
0,775	3,8
0,773	3,8
0,770	3,8
0,767	3,8
0,765	3,8
0,762	3,8
0,759	3,8
0,757	3,8
0,754	3,8
0,751	3,8
0,749	3,8
0,746	3,8
0,743	3,8
0,741	3,8
0,738	3,8
0,735	3,8
0,733	3,8
0,730	3,8
0,727	3,9
0,725	3,8
0,722	3,8
0,719	3,8
0,717	3,8
0,714	3,8
0,711	3,8
0,709	3,9
0,706	3,8
0,703	3,8
0,701	3,8
0,698	3,8
0,695	3,8
0,692	3,9
0,690	3,8
0,687	3,8
0,684	3,8
0,682	3,8
0,679	3,8
0,676	3,8
0,674	3,9
0,671	3,9
0,668	3,8
0,666	3,8
0,663	3,8
0,660	3,8
0,658	3,8
0,655	3,9
0,652	3,8
0,650	3,8
0,647	3,8
0,644	3,8
0,642	3,8
0,639	3,8
0,636	3,9
0,634	3,9
0,631	3,8
0,628	3,8
0,626	3,8
0,623	3,8
0,620	3,9
0,618	3,8
0,615	3,8
0,612	3,9
0,610	3,8
0,607	3,8
0,604	3,8
0,602	3,8
0,599	3,9
0,596	3,9
0,594	3,9
0,591	3,9
0,588	3,9
0,586	3,9
0,583	3,8
0,580	3,9
0,578	3,9
0,575	3,9
0,572	3,9
0,570	3,9
0,567	3,9
0,564	3,9
0,561	3,9
0,559	3,9
0,556	3,9
0,553	3,9
0,551	3,9
0,548	3,9
0,545	3,9
0,543	3,9
0,540	3,9
0,537	4,0
0,535	3,9
0,532	3,9
0,529	3,9
0,527	3,9
0,524	3,9
0,521	4,0
0,519	3,9
0,516	3,9
0,513	3,9
0,511	3,9
0,508	3,9
0,505	3,9
0,503	3,9
0,500	3,9
0,497	3,9
0,495	3,9
0,492	3,9
0,489	3,9
0,487	3,9
0,484	3,9
0,481	3,9
0,479	3,9
0,476	3,9
0,473	3,9
0,471	4,0
0,468	3,9
0,465	4,0
0,463	4,0
0,460	3,9
0,457	3,9
0,455	3,9
0,452	3,9
0,449	4,0
0,447	4,0
0,444	4,0
0,441	4,0
0,438	4,0
0,436	4,0
0,433	3,9
0,430	4,0
0,428	4,0
0,425	4,0
0,422	4,0
0,420	4,0
0,417	4,0
0,414	4,0
0,412	4,0
0,409	4,0
0,406	4,0
0,404	4,0
0,401	4,0
0,398	4,0
0,396	4,0
0,393	4,0
0,390	4,0
0,388	4,0
0,385	4,0
0,382	4,0
0,380	4,0
0,377	4,0
0,374	4,0
0,372	4,0
0,369	4,0
0,366	4,0
0,364	4,0
0,361	4,0
0,358	4,0
0,356	4,0
0,353	4,0
0,350	4,0
0,348	4,0
0,345	4,0
0,342	4,0
0,340	4,0
0,337	4,0
0,334	4,0
0,332	4,0
0,329	4,0
0,326	4,0
0,324	4,0
0,321	4,0
0,318	4,0
0,316	4,0
0,313	4,0
0,310	4,0
0,307	4,1
0,305	4,0
0,302	4,0
0,299	4,0
0,297	4,0
0,294	4,0
0,291	4,0
0,289	4,0
0,286	4,0
0,283	4,0
0,281	4,0
0,278	4,0
0,275	4,1
0,273	4,1
0,270	4,1
0,267	4,0
0,265	4,0
0,262	4,0
0,259	4,0
0,257	4,0
0,254	4,1
0,251	4,1
0,249	4,1
0,246	4,0
0,243	4,0
0,241	4,0
0,238	4,0
0,235	4,0
0,233	4,0
0,230	4,0
0,227	4,0
0,225	4,0
0,222	4,0
0,219	4,0
0,217	4,1
0,214	4,1
0,211	4,1
0,209	4,1
0,206	4,1
0,203	4,1
0,201	4,1
0,198	4,1
0,195	4,1
0,193	4,1
0,190	4,1
0,187	4,1
0,184	4,1
0,182	4,1
0,179	4,1
0,176	4,1
0,174	4,1
0,171	4,1
0,168	4,1
0,166	4,1
0,163	4,2
0,160	4,2
0,158	4,2
0,155	4,2
0,152	4,2
0,150	4,2
0,147	4,2
0,144	4,2
0,142	4,2
0,139	4,2
0,136	4,2
0,134	4,2
0,131	4,2
0,128	4,2
0,126	4,2
0,123	4,3
0,120	4,3
0,118	4,3
0,115	4,3
0,112	4,4
0,110	4,4
0,107	4,4
0,104	4,5
0,102	4,5
0,099	4,5
0,096	4,5
0,094	4,5
0,091	4,6
0,088	4,6
0,086	4,6
0,083	4,7
0,080	4,8
0,078	4,9
0,075	5,0
0,072	5,2
0,070	5,3
0,067	5,6
0,064	5,9
0,061	6,2
0,059	6,6
0,056	7,1
0,053	7,8
0,051	8,6
0,048	9,6
0,045	10,7
0,043	11,7
0,040	12,9
0,037	14,3
0,035	16,1
0,032	18,2
0,029	20,6
0,027	23,3
0,024	26,8
0,021	30,9
0,019	35,2
0,016	40,1
0,013	45,6
0,011	52,2
0,008	58,9
0,005	65,2
0,003	70,4
0,000	78,0
-0,003	79,6
-0,005	80,6
-0,008	81,8
-0,011	82,0
-0,013	80,6
-0,016	77,9
-0,019	73,9
-0,021	65,5
-0,024	57,9
-0,027	50,7
-0,029	46,8
-0,032	40,7
-0,035	34,9
-0,037	29,5
-0,040	24,7
-0,043	20,6
-0,045	17,2
-0,048	14,6
-0,051	12,5
-0,053	11,0
-0,056	9,9
-0,059	9,1
-0,061	8,7
-0,064	8,5
-0,067	8,5
-0,070	8,5
-0,072	8,8
-0,075	9,2
-0,078	9,7
-0,080	10,5
-0,083	11,5
-0,086	12,6
-0,088	13,9
-0,091	15,4
-0,094	17,1
-0,096	19,0
-0,099	20,8
-0,102	22,5
-0,104	24,6
-0,107	25,1
-0,110	25,4
-0,112	25,3
-0,115	25,5
-0,118	25,2
-0,120	23,9
-0,123	22,2
-0,126	20,4
-0,128	18,4
-0,131	16,4
-0,134	14,5
-0,136	12,7
-0,139	11,1
-0,142	9,8
-0,144	8,5
-0,147	7,6
-0,150	6,8
-0,152	6,2
-0,155	5,7
-0,158	5,4
-0,160	5,1
-0,163	5,0
-0,166	4,8
-0,168	4,7
-0,171	4,7
-0,174	4,7
-0,176	4,6
-0,179	4,6
-0,182	4,6
-0,184	4,5
-0,187	4,5
-0,190	4,5
-0,193	4,5
-0,195	4,4
-0,198	4,4
-0,201	4,4
-0,203	4,3
-0,206	4,3
-0,209	4,3
-0,211	4,3
-0,214	4,3
-0,217	4,3
-0,219	4,3
-0,222	4,3
-0,225	4,3
-0,227	4,3
-0,230	4,3
-0,233	4,3
-0,235	4,3
-0,238	4,3
-0,241	4,2
-0,243	4,2
-0,246	4,2
-0,249	4,3
-0,251	4,2
-0,254	4,3
-0,257	4,3
-0,259	4,2
-0,262	4,2
-0,265	4,2
-0,267	4,2
-0,270	4,2
-0,273	4,2
-0,275	4,2
-0,278	4,2
-0,281	4,2
-0,283	4,2
-0,286	4,2
-0,289	4,2
-0,291	4,2
-0,294	4,2
-0,297	4,2
-0,299	4,2
-0,302	4,2
-0,305	4,2
-0,307	4,2
-0,310	4,2
-0,313	4,2
-0,316	4,2
-0,318	4,2
-0,321	4,2
-0,324	4,2
-0,326	4,2
-0,329	4,2
-0,332	4,2
-0,334	4,2
-0,337	4,2
-0,340	4,2
-0,342	4,2
-0,345	4,2
-0,348	4,2
-0,350	4,2
-0,353	4,2
-0,356	4,2
-0,358	4,2
-0,361	4,2
-0,364	4,2
-0,366	4,2
-0,369	4,2
-0,372	4,2
-0,374	4,2
-0,377	4,2
-0,380	4,2
-0,382	4,2
-0,385	4,2
-0,388	4,2
-0,390	4,2
-0,393	4,2
-0,396	4,2
-0,398	4,2
-0,401	4,2
-0,404	4,2
-0,406	4,2
-0,409	4,2
-0,412	4,2
-0,414	4,2
-0,417	4,2
-0,420	4,2
-0,422	4,2
-0,425	4,2
-0,428	4,2
-0,430	4,2
-0,433	4,2
-0,436	4,2
-0,438	4,2
-0,441	4,2
-0,444	4,2
-0,447	4,2
-0,449	4,2
-0,452	4,2
-0,455	4,2
-0,457	4,2
-0,460	4,2
-0,463	4,2
-0,465	4,2
-0,468	4,2
-0,471	4,2
-0,473	4,2
-0,476	4,2
-0,479	4,2
-0,481	4,2
-0,484	4,2
-0,487	4,2
-0,489	4,2
-0,492	4,2
-0,495	4,2
-0,497	4,2
-0,500	4,2
-0,503	4,2
-0,505	4,2
-0,508	4,2
-0,511	4,2
-0,513	4,2
-0,516	4,2
-0,519	4,1
-0,521	4,2
-0,524	4,2
-0,527	4,2
-0,529	4,2
-0,532	4,2
-0,535	4,1
-0,537	4,1
-0,540	4,2
-0,543	4,2
-0,545	4,2
-0,548	4,2
-0,551	4,2
-0,553	4,2
-0,556	4,2
-0,559	4,2
-0,561	4,2
-0,564	4,2
-0,567	4,2
-0,570	4,2
-0,572	4,2
-0,575	4,2
-0,578	4,2
-0,580	4,2
-0,583	4,2
-0,586	4,2
-0,588	4,2
-0,591	4,2
-0,594	4,2
-0,596	4,2
-0,599	4,2
-0,602	4,2
-0,604	4,2
-0,607	4,2
-0,610	4,2
-0,612	4,2
-0,615	4,2
-0,618	4,2
-0,620	4,2
-0,623	4,2
-0,626	4,2
-0,628	4,2
-0,631	4,2
-0,634	4,2
-0,636	4,2
-0,639	4,2
-0,642	4,2
-0,644	4,2
-0,647	4,2
-0,650	4,2
-0,652	4,2
-0,655	4,2
-0,658	4,1
-0,660	4,1
-0,663	4,2
-0,666	4,2
-0,668	4,2
-0,671	4,2
-0,674	4,2
-0,676	4,2
-0,679	4,2
-0,682	4,2
-0,684	4,2
-0,687	4,2
-0,690	4,2
-0,692	4,2
-0,695	4,2
-0,698	4,2
-0,701	4,2
-0,703	4,2
-0,706	4,2
-0,709	4,2
-0,711	4,2
-0,714	4,2
-0,717	4,2
-0,719	4,2
-0,722	4,2
-0,725	4,2
-0,727	4,2
-0,730	4,2
-0,733	4,2
-0,735	4,2
-0,738	4,2
-0,741	4,2
-0,743	4,2
-0,746	4,2
-0,749	4,2
-0,751	4,2
-0,754	4,2
-0,757	4,2
-0,759	4,2
-0,762	4,2
-0,765	4,2
-0,767	4,2
-0,770	4,2
-0,773	4,2
-0,775	4,2
-0,778	4,2
-0,781	4,2
-0,783	4,2
-0,786	4,2
-0,789	4,2
-0,791	4,2
-0,794	4,2
-0,797	4,2
-0,799	4,2
-0,802	4,2
-0,805	4,2
-0,807	4,2
-0,810	4,2
-0,813	4,2
-0,815	4,2
-0,818	4,2
-0,821	4,2
-0,823	4,2
-0,826	4,2
-0,829	4,2
-0,831	4,2
-0,834	4,2
-0,837	4,2
-0,840	4,2
-0,842	4,2
-0,845	4,2
-0,848	4,2
-0,850	4,2
-0,853	4,2
-0,856	4,2
-0,858	4,2
-0,861	4,2
-0,864	4,2
-0,866	4,2
-0,869	4,2
-0,872	4,2
-0,874	4,2
-0,877	4,2
-0,880	4,2
-0,882	4,2
-0,885	4,2
-0,888	4,2
-0,890	4,2
-0,893	4,2
-0,896	4,2
-0,898	4,2
-0,901	4,2
-0,904	4,2
-0,906	4,2
-0,909	4,2
-0,912	4,2
-0,914	4,2
-0,917	4,2
-0,920	4,2
-0,922	4,2
-0,925	4,2
-0,928	4,2
-0,930	4,2
-0,933	4,2
-0,936	4,2
-0,938	4,2
-0,941	4,2
-0,944	4,2
-0,946	4,2
-0,949	4,2
-0,952	4,2
-0,954	4,2
-0,957	4,2
-0,960	4,2
-0,962	4,2
-0,965	4,2
-0,968	4,2
-0,970	4,2
-0,973	4,2
-0,976	4,2
-0,979	4,2
-0,981	4,2
-0,984	4,2
-0,987	4,2
-0,989	4,2
-0,992	4,2
-0,995	4,2
-0,997	4,2
-1,000	4,2
-1,003	4,2
-1,005	4,2
-1,008	4,2
-1,011	4,2
-1,013	4,2
-1,016	4,2
-1,019	4,2
-1,021	4,2
-1,024	4,2
-1,027	4,2
-1,029	4,2
-1,032	4,2
-1,035	4,2
-1,037	4,2
-1,040	4,2
-1,043	4,2
-1,045	4,2
-1,048	4,2
-1,051	4,2
-1,053	4,2
-1,056	4,2
-1,059	4,2
-1,061	4,2
-1,064	4,2
-1,067	4,2
-1,069	4,2
-1,072	4,2
-1,075	4,2
-1,077	4,2
-1,080	4,2
-1,083	4,2
-1,085	4,2
-1,088	4,2
-1,091	4,2
-1,093	4,2
-1,096	4,2
-1,099	4,2
-1,101	4,2
-1,104	4,2
-1,107	4,2
-1,109	4,2
-1,112	4,2
-1,115	4,2
-1,118	4,2
-1,120	4,2
-1,123	4,2
-1,126	4,2
-1,128	4,2
-1,131	4,2
-1,134	4,2
-1,136	4,2
-1,139	4,2
-1,142	4,2
-1,144	4,2
-1,147	4,2
-1,150	4,2
-1,152	4,2
-1,155	4,2
-1,158	4,2
-1,160	4,2
-1,163	4,2
-1,166	4,2
-1,168	4,2
-1,171	4,2
-1,174	4,2
-1,176	4,2
-1,179	4,2
-1,182	4,2
-1,184	4,2
-1,187	4,2
-1,190	4,2
-1,192	4,2
-1,195	4,2
-1,198	4,2
-1,200	4,2
-1,203	4,2
-1,206	4,2
-1,208	4,2
-1,211	4,2
-1,214	4,2
-1,216	4,2
-1,219	4,2
-1,222	4,2
-1,224	4,2
-1,227	4,2
-1,230	4,2
-1,232	4,2
-1,235	4,2
-1,238	4,2
-1,240	4,2
-1,243	4,2
-1,246	4,2
-1,248	4,2
-1,251	4,2
-1,254	4,2
-1,256	4,2
-1,259	4,2
-1,262	4,2
-1,265	4,2
-1,267	4,2
-1,270	4,2
-1,273	4,2
-1,275	4,2
-1,278	4,2
-1,281	4,2
-1,283	4,2
-1,286	4,2
-1,289	4,2
-1,291	4,2
-1,294	4,2
-1,297	4,2
-1,299	4,2
-1,302	4,2
-1,305	4,2
-1,307	4,2
-1,310	4,2
-1,313	4,2
-1,315	4,2
-1,318	4,2
-1,321	4,2
-1,323	4,2
-1,326	4,2
-1,329	4,2
-1,331	4,2
-1,334	4,2
-1,337	4,2
-1,339	4,2
-1,342	4,2
-1,345	4,2
-1,347	4,2
-1,350	4,2
-1,353	4,2
-1,355	4,2
-1,358	4,2
-1,361	4,2
-1,363	4,2
-1,366	4,2
-1,369	4,3
-1,371	4,2
-1,374	4,2
-1,377	4,2
-1,379	4,2
-1,382	4,2
-1,385	4,2
-1,387	4,2
-1,390	4,2
-1,393	4,2
-1,395	4,2
-1,398	4,2
-1,401	4,2
-1,403	4,2
-1,406	4,1
-1,409	4,1
-1,411	4,1
-1,414	4,1
-1,417	4,1
-1,419	4,2
-1,422	4,2
-1,425	4,1
-1,428	4,1
-1,430	4,1
-1,433	4,2
-1,436	4,2
-1,438	4,1
-1,441	4,1
-1,444	4,1
-1,446	4,1
-1,449	4,1
-1,452	4,2
-1,454	4,2
-1,457	4,2
-1,460	4,2
-1,462	4,2
-1,465	4,2
-1,468	4,2
-1,470	4,2
-1,473	4,2
-1,476	4,2
-1,478	4,2
-1,481	4,2
-1,484	4,2
-1,486	4,2
-1,489	4,2
-1,492	4,2
-1,494	4,2
-1,497	4,2
-1,500	4,2
-1,502	4,2
-1,505	4,2
-1,508	4,2
-1,510	4,2
-1,513	4,1
-1,516	4,1
-1,518	4,1
-1,521	4,1
-1,524	4,1
-1,526	4,1
-1,529	4,1
-1,532	4,2
-1,534	4,2
-1,537	4,2
-1,540	4,1
-1,542	4,1
-1,545	4,1
-1,548	4,2
-1,550	4,1
-1,553	4,1
-1,556	4,1
-1,558	4,1
-1,561	4,1
-1,564	4,1
-1,566	4,1
-1,569	4,1
-1,572	4,1
-1,574	4,1
-1,577	4,1
-1,580	4,1
-1,582	4,1
-1,585	4,1
-1,588	4,1
-1,591	4,1
-1,593	4,1
-1,596	4,1
-1,599	4,1
-1,601	4,1
-1,604	4,1
-1,607	4,1
-1,609	4,1
-1,612	4,1
-1,615	4,1
-1,617	4,1
-1,620	4,1
-1,623	4,1
-1,625	4,1
-1,628	4,1
-1,631	4,1
-1,633	4,1
-1,636	4,1
-1,639	4,1
-1,641	4,1
-1,644	4,1
-1,647	4,1
-1,649	4,1
-1,652	4,1
-1,655	4,1
-1,657	4,1
-1,660	4,2
-1,663	4,2
-1,665	4,2
-1,668	4,1
-1,671	4,1
-1,673	4,1
-1,676	4,1
-1,679	4,1
-1,681	4,1
-1,684	4,1
-1,687	4,1
-1,689	4,1
-1,692	4,1
-1,695	4,1
-1,697	4,1
-1,700	4,1
-1,703	4,1
-1,705	4,1
-1,708	4,1
-1,711	4,1
-1,713	4,1
-1,716	4,1
-1,719	4,1
-1,721	4,1
-1,724	4,1
-1,727	4,1
-1,729	4,1
-1,732	4,1
-1,735	4,1
-1,737	4,1
-1,740	4,1
-1,743	4,1
-1,745	4,1
-1,748	4,1
-1,751	4,1
-1,753	4,1
-1,756	4,1
-1,759	4,1
-1,761	4,1
-1,764	4,1
-1,767	4,1
-1,769	4,1
-1,772	4,2
-1,775	4,1
-1,778	4,1
-1,780	4,2
-1,783	4,1
-1,786	4,1
-1,788	4,2
-1,791	4,2
-1,794	4,1
-1,796	4,1
-1,799	4,1
-1,802	4,1
-1,804	4,1
-1,807	4,1
-1,810	4,1
-1,812	4,1
-1,815	4,1
-1,818	4,1
-1,820	4,1
-1,823	4,1
-1,826	4,1
-1,828	4,1
-1,831	4,1
-1,834	4,1
-1,836	4,1
-1,839	4,1
-1,842	4,1
-1,844	4,1
-1,847	4,1
-1,850	4,1
-1,852	4,1
-1,855	4,1
-1,858	4,1
-1,860	4,1
-1,863	4,1
-1,866	4,1
-1,868	4,1
-1,871	4,1
-1,874	4,1
-1,876	4,1
-1,879	4,2
-1,882	4,2
-1,884	4,2
-1,887	4,2
-1,890	4,2
-1,892	4,2
-1,895	4,2
-1,898	4,2
-1,900	4,2
-1,903	4,2
-1,906	4,1
-1,908	4,1
-1,911	4,1
-1,914	4,1
-1,916	4,1
-1,919	4,1
-1,922	4,1
-1,924	4,1
-1,927	4,1
-1,930	4,1
-1,932	4,1
-1,935	4,1
-1,938	4,1
-1,940	4,1
-1,943	4,1
-1,946	4,1
-1,948	4,1
-1,951	4,1
-1,954	4,1
-1,956	4,1
-1,959	4,1
-1,962	4,1
-1,964	4,2
-1,967	4,2
-1,970	4,2
-1,972	4,2
-1,975	4,2
-1,978	4,1
-1,980	4,1
-1,983	4,1
-1,986	4,1
-1,989	4,1
-1,991	4,1
-1,994	4,1
-1,997	4,1
-1,999	4,1
-2,002	4,1
-2,005	4,1
-2,007	4,1
-2,010	4,1
-2,013	4,1
-2,015	4,1
-2,018	4,1
-2,021	4,1
-2,023	4,1
-2,026	4,1
-2,029	4,1
-2,031	4,1
-2,034	4,1
-2,037	4,1
-2,039	4,1
-2,042	4,1
-2,045	4,1
-2,047	4,1
-2,050	4,1
-2,053	4,1
-2,055	4,1
-2,058	4,1
-2,061	4,1
-2,063	4,1
-2,066	4,1
-2,069	4,1
-2,071	4,1
-2,074	4,1
-2,077	4,1
-2,079	4,1
-2,082	4,1
-2,085	4,1
-2,087	4,1
-2,090	4,1
-2,093	4,1
-2,095	4,1
-2,098	4,1
-2,101	4,1
-2,103	4,1
-2,106	4,1
-2,109	4,1
-2,111	4,1
-2,114	4,1
-2,117	4,1
-2,119	4,1
-2,122	4,1
-2,125	4,1
-2,127	4,1
-2,130	4,1
-2,133	4,1
-2,135	4,1
-2,138	4,1
-2,141	4,1
-2,143	4,1
-2,146	4,1
-2,149	4,1
-2,151	4,1
-2,154	4,1
-2,157	4,1
-2,159	4,1
-2,162	4,1
-2,165	4,1
-2,167	4,1
-2,170	4,1
-2,173	4,1
-2,175	4,1
-2,178	4,1
-2,181	4,1
-2,183	4,1
-2,186	4,1
-2,189	4,1
-2,191	4,1
-2,194	4,1
-2,197	4,1
-2,199	4,1
-2,202	4,1
-2,205	4,1
-2,207	4,1
-2,210	4,1
-2,213	4,1
-2,215	4,1
-2,218	4,1
-2,221	4,1
-2,223	4,0
-2,226	4,0
-2,229	4,1
-2,231	4,1
-2,234	4,0
-2,237	4,0
-2,240	4,0
-2,242	4,1
-2,245	4,1
-2,248	4,1
-2,250	4,1
-2,253	4,1
-2,256	4,1
-2,258	4,1
-2,261	4,1
-2,264	4,1
-2,266	4,1
-2,269	4,1
-2,272	4,1
-2,274	4,1
-2,277	4,1
-2,280	4,1
-2,282	4,1
-2,285	4,1
-2,288	4,1
-2,290	4,1
-2,293	4,0
-2,296	4,0
-2,298	4,0
-2,301	4,0
-2,304	4,0
-2,306	4,0
-2,309	4,0
-2,312	4,0
-2,314	4,0
-2,317	4,0
-2,320	4,0
-2,322	4,0
-2,325	4,0
-2,328	4,0
-2,330	4,0
-2,333	4,0
-2,336	4,0
-2,338	4,0
-2,341	4,0
-2,344	4,0
-2,346	4,0
-2,349	4,0
-2,352	4,0
-2,354	4,0
-2,357	4,0
-2,360	4,0
-2,362	4,0
-2,365	4,0
-2,368	4,0
-2,370	4,0
-2,373	4,0
-2,376	4,1
-2,378	4,0
-2,381	4,0
-2,384	4,0
-2,386	4,0
-2,389	4,0
-2,392	4,0
-2,394	4,0
-2,397	4,0
-2,400	4,0
-2,402	4,0
-2,405	4,0
-2,408	4,0
-2,410	4,0
-2,413	4,0
-2,416	4,0
-2,418	4,1
-2,421	4,0
-2,424	4,0
-2,426	4,0
-2,429	4,0
-2,432	4,0
-2,434	4,0
-2,437	4,0
-2,440	4,0
-2,442	4,0
-2,445	4,0
-2,448	4,0
-2,450	4,0
-2,453	4,0
-2,456	4,0
-2,458	4,0
-2,461	4,0
-2,464	4,0
-2,466	4,0
-2,469	4,0
-2,472	4,0
-2,474	4,0
-2,477	4,0
-2,480	4,0
-2,482	4,0
-2,485	4,0
-2,488	4,0
-2,490	4,0
-2,493	4,0
-2,496	4,0
-2,498	4,0
-2,501	4,0
-2,504	4,0
-2,506	4,0
-2,509	4,0
-2,512	4,0
-2,514	4,0
-2,517	4,0
-2,520	4,0
-2,522	4,0
-2,525	4,0
-2,528	4,0
-2,530	4,0
-2,533	4,0
-2,536	4,0
-2,538	4,0
-2,541	4,0
-2,544	4,0
-2,546	4,0
-2,549	4,0
-2,552	4,0
-2,554	4,0
-2,557	4,0
-2,560	4,0
-2,562	4,0
-2,565	4,0
-2,568	4,0
-2,570	4,0
-2,573	4,0
-2,576	4,0
-2,578	4,0
-2,581	4,0
-2,584	4,0
-2,586	4,0
-2,589	4,0
-2,592	4,0
-2,594	4,0
-2,597	4,1
-2,600	4,0
-2,602	4,0
-2,605	4,1
-2,608	4,0
-2,610	4,0
-2,613	4,0
-2,616	4,1
-2,619	4,0
-2,621	4,1
-2,624	4,1
-2,627	4,1
-2,629	4,1
-2,632	4,1
-2,635	4,1
-2,637	4,1
-2,640	4,0
-2,643	4,0
-2,645	4,1
-2,648	4,1
-2,651	4,1
-2,653	4,1
-2,656	4,0
-2,659	4,1
-2,661	4,0
-2,664	4,0
-2,667	4,0
-2,669	4,0
-2,672	4,0
-2,675	4,0
-2,677	4,0
-2,680	4,0
-2,683	4,0
-2,685	4,0
-2,688	4,0
-2,691	4,0
-2,693	4,0
-2,696	4,0
-2,699	4,0
-2,701	4,0
-2,704	4,0
-2,707	4,0
-2,709	4,0
-2,712	4,0
-2,715	4,0
-2,717	4,0
-2,720	4,0
-2,723	4,0
-2,725	4,0
-2,728	4,1
-2,731	4,0
-2,733	4,0
