&a / °	I1 / %
2,736	4,8
2,733	4,8
2,731	4,8
2,728	4,8
2,725	4,7
2,723	4,8
2,720	4,8
2,717	4,7
2,715	4,7
2,712	4,8
2,709	4,8
2,707	4,7
2,704	4,7
2,701	4,7
2,699	4,7
2,696	4,7
2,693	4,7
2,691	4,7
2,688	4,7
2,685	4,7
2,683	4,7
2,680	4,7
2,677	4,7
2,675	4,7
2,672	4,7
2,669	4,7
2,667	4,7
2,664	4,8
2,661	4,7
2,659	4,7
2,656	4,7
2,653	4,8
2,651	4,8
2,648	4,8
2,645	4,8
2,643	4,8
2,640	4,8
2,637	4,8
2,635	4,8
2,632	4,8
2,629	4,8
2,627	4,8
2,624	4,8
2,621	4,8
2,619	4,8
2,616	4,8
2,613	4,8
2,610	4,8
2,608	4,8
2,605	4,8
2,602	4,8
2,600	4,8
2,597	4,8
2,594	4,8
2,592	4,8
2,589	4,8
2,586	4,8
2,584	4,8
2,581	4,8
2,578	4,8
2,576	4,8
2,573	4,8
2,570	4,8
2,568	4,8
2,565	4,8
2,562	4,8
2,560	4,8
2,557	4,8
2,554	4,8
2,552	4,8
2,549	4,8
2,546	4,8
2,544	4,8
2,541	4,8
2,538	4,8
2,536	4,8
2,533	4,8
2,530	4,8
2,528	4,8
2,525	4,8
2,522	4,9
2,520	4,9
2,517	4,8
2,514	4,8
2,512	4,8
2,509	4,8
2,506	4,8
2,504	4,8
2,501	4,8
2,498	4,9
2,496	4,8
2,493	4,9
2,490	4,9
2,488	4,9
2,485	4,9
2,482	4,9
2,480	4,9
2,477	4,9
2,474	4,9
2,472	4,9
2,469	4,9
2,466	4,9
2,464	4,9
2,461	4,9
2,458	4,9
2,456	4,9
2,453	4,9
2,450	4,9
2,448	4,9
2,445	4,9
2,442	4,9
2,440	4,9
2,437	4,9
2,434	4,9
2,432	4,9
2,429	4,9
2,426	4,9
2,424	4,9
2,421	5,0
2,418	5,0
2,416	5,0
2,413	5,0
2,410	5,0
2,408	5,0
2,405	5,0
2,402	5,0
2,400	5,0
2,397	5,0
2,394	5,0
2,392	5,0
2,389	5,0
2,386	5,0
2,384	5,0
2,381	5,0
2,378	5,0
2,376	5,0
2,373	5,0
2,370	5,0
2,368	5,0
2,365	5,0
2,362	5,0
2,360	5,0
2,357	5,0
2,354	5,0
2,352	5,0
2,349	5,0
2,346	5,0
2,344	5,0
2,341	5,0
2,338	5,0
2,336	5,0
2,333	5,0
2,330	5,0
2,328	5,0
2,325	5,0
2,322	5,0
2,320	5,0
2,317	5,0
2,314	5,0
2,312	5,0
2,309	5,0
2,306	5,0
2,304	5,0
2,301	5,0
2,298	5,0
2,296	5,0
2,293	5,0
2,290	5,0
2,288	5,1
2,285	5,1
2,282	5,0
2,280	5,0
2,277	5,0
2,274	5,1
2,272	5,1
2,269	5,1
2,266	5,1
2,264	5,1
2,261	5,1
2,258	5,1
2,256	5,1
2,253	5,1
2,250	5,1
2,248	5,1
2,245	5,1
2,242	5,1
2,240	5,1
2,237	5,1
2,234	5,1
2,231	5,1
2,229	5,1
2,226	5,1
2,223	5,1
2,221	5,1
2,218	5,1
2,215	5,1
2,213	5,1
2,210	5,1
2,207	5,1
2,205	5,1
2,202	5,1
2,199	5,1
2,197	5,1
2,194	5,1
2,191	5,1
2,189	5,1
2,186	5,1
2,183	5,1
2,181	5,1
2,178	5,1
2,175	5,1
2,173	5,2
2,170	5,2
2,167	5,1
2,165	5,1
2,162	5,1
2,159	5,1
2,157	5,1
2,154	5,1
2,151	5,2
2,149	5,1
2,146	5,2
2,143	5,2
2,141	5,2
2,138	5,2
2,135	5,2
2,133	5,2
2,130	5,2
2,127	5,2
2,125	5,2
2,122	5,2
2,119	5,2
2,117	5,2
2,114	5,2
2,111	5,2
2,109	5,2
2,106	5,2
2,103	5,2
2,101	5,2
2,098	5,2
2,095	5,2
2,093	5,2
2,090	5,2
2,087	5,2
2,085	5,2
2,082	5,2
2,079	5,2
2,077	5,3
2,074	5,2
2,071	5,2
2,069	5,2
2,066	5,2
2,063	5,2
2,061	5,3
2,058	5,3
2,055	5,3
2,053	5,3
2,050	5,3
2,047	5,2
2,045	5,2
2,042	5,2
2,039	5,3
2,037	5,3
2,034	5,2
2,031	5,2
2,029	5,2
2,026	5,3
2,023	5,3
2,021	5,3
2,018	5,2
2,015	5,2
2,013	5,3
2,010	5,3
2,007	5,3
2,005	5,3
2,002	5,3
1,999	5,3
1,997	5,3
1,994	5,3
1,991	5,3
1,989	5,3
1,986	5,3
1,983	5,3
1,980	5,4
1,978	5,3
1,975	5,3
1,972	5,3
1,970	5,3
1,967	5,3
1,964	5,4
1,962	5,4
1,959	5,4
1,956	5,3
1,954	5,3
1,951	5,3
1,948	5,3
1,946	5,3
1,943	5,4
1,940	5,4
1,938	5,4
1,935	5,4
1,932	5,4
1,930	5,4
1,927	5,4
1,924	5,4
1,922	5,4
1,919	5,4
1,916	5,4
1,914	5,4
1,911	5,4
1,908	5,4
1,906	5,4
1,903	5,4
1,900	5,4
1,898	5,4
1,895	5,4
1,892	5,4
1,890	5,4
1,887	5,4
1,884	5,4
1,882	5,4
1,879	5,4
1,876	5,4
1,874	5,4
1,871	5,4
1,868	5,4
1,866	5,4
1,863	5,4
1,860	5,4
1,858	5,4
1,855	5,4
1,852	5,4
1,850	5,4
1,847	5,4
1,844	5,4
1,842	5,4
1,839	5,4
1,836	5,4
1,834	5,4
1,831	5,4
1,828	5,4
1,826	5,4
1,823	5,4
1,820	5,4
1,818	5,4
1,815	5,4
1,812	5,4
1,810	5,4
1,807	5,4
1,804	5,4
1,802	5,4
1,799	5,4
1,796	5,4
1,794	5,4
1,791	5,4
1,788	5,4
1,786	5,4
1,783	5,4
1,780	5,4
1,778	5,4
1,775	5,4
1,772	5,4
1,769	5,4
1,767	5,4
1,764	5,4
1,761	5,4
1,759	5,4
1,756	5,4
1,753	5,4
1,751	5,4
1,748	5,4
1,745	5,5
1,743	5,4
1,740	5,5
1,737	5,5
1,735	5,5
1,732	5,5
1,729	5,5
1,727	5,5
1,724	5,5
1,721	5,5
1,719	5,5
1,716	5,5
1,713	5,5
1,711	5,5
1,708	5,5
1,705	5,5
1,703	5,5
1,700	5,5
1,697	5,5
1,695	5,5
1,692	5,5
1,689	5,5
1,687	5,5
1,684	5,5
1,681	5,5
1,679	5,5
1,676	5,5
1,673	5,5
1,671	5,5
1,668	5,5
1,665	5,5
1,663	5,5
1,660	5,5
1,657	5,5
1,655	5,5
1,652	5,5
1,649	5,5
1,647	5,5
1,644	5,5
1,641	5,5
1,639	5,5
1,636	5,5
1,633	5,5
1,631	5,5
1,628	5,5
1,625	5,5
1,623	5,6
1,620	5,6
1,617	5,6
1,615	5,6
1,612	5,6
1,609	5,6
1,607	5,6
1,604	5,6
1,601	5,6
1,599	5,6
1,596	5,6
1,593	5,6
1,591	5,6
1,588	5,6
1,585	5,6
1,582	5,5
1,580	5,6
1,577	5,6
1,574	5,6
1,572	5,6
1,569	5,6
1,566	5,6
1,564	5,6
1,561	5,6
1,558	5,6
1,556	5,6
1,553	5,6
1,550	5,6
1,548	5,6
1,545	5,6
1,542	5,6
1,540	5,6
1,537	5,6
1,534	5,6
1,532	5,6
1,529	5,6
1,526	5,6
1,524	5,6
1,521	5,6
1,518	5,6
1,516	5,6
1,513	5,6
1,510	5,6
1,508	5,6
1,505	5,6
1,502	5,6
1,500	5,6
1,497	5,6
1,494	5,7
1,492	5,7
1,489	5,7
1,486	5,7
1,484	5,7
1,481	5,7
1,478	5,6
1,476	5,7
1,473	5,7
1,470	5,7
1,468	5,7
1,465	5,7
1,462	5,7
1,460	5,6
1,457	5,7
1,454	5,7
1,452	5,7
1,449	5,7
1,446	5,7
1,444	5,7
1,441	5,7
1,438	5,7
1,436	5,7
1,433	5,7
1,430	5,7
1,428	5,7
1,425	5,7
1,422	5,7
1,419	5,7
1,417	5,7
1,414	5,7
1,411	5,7
1,409	5,7
1,406	5,7
1,403	5,7
1,401	5,7
1,398	5,7
1,395	5,7
1,393	5,7
1,390	5,7
1,387	5,7
1,385	5,7
1,382	5,7
1,379	5,7
1,377	5,7
1,374	5,8
1,371	5,8
1,369	5,8
1,366	5,8
1,363	5,8
1,361	5,8
1,358	5,8
1,355	5,8
1,353	5,8
1,350	5,8
1,347	5,8
1,345	5,8
1,342	5,8
1,339	5,8
1,337	5,8
1,334	5,8
1,331	5,8
1,329	5,8
1,326	5,8
1,323	5,8
1,321	5,8
1,318	5,8
1,315	5,8
1,313	5,8
1,310	5,8
1,307	5,8
1,305	5,8
1,302	5,8
1,299	5,8
1,297	5,8
1,294	5,8
1,291	5,8
1,289	5,8
1,286	5,8
1,283	5,8
1,281	5,9
1,278	5,8
1,275	5,9
1,273	5,9
1,270	5,9
1,267	5,8
1,265	5,8
1,262	5,9
1,259	5,9
1,256	5,9
1,254	5,9
1,251	5,9
1,248	5,9
1,246	5,9
1,243	5,9
1,240	5,9
1,238	5,9
1,235	5,9
1,232	5,9
1,230	5,9
1,227	5,9
1,224	5,9
1,222	5,9
1,219	5,9
1,216	5,9
1,214	5,9
1,211	5,9
1,208	5,9
1,206	5,9
1,203	5,9
1,200	5,9
1,198	5,9
1,195	5,9
1,192	5,9
1,190	5,9
1,187	5,9
1,184	5,9
1,182	5,9
1,179	5,9
1,176	5,9
1,174	5,9
1,171	5,9
1,168	5,9
1,166	5,9
1,163	5,9
1,160	5,9
1,158	5,9
1,155	5,9
1,152	5,9
1,150	5,9
1,147	5,9
1,144	5,9
1,142	5,9
1,139	5,9
1,136	5,9
1,134	5,9
1,131	5,9
1,128	5,9
1,126	5,9
1,123	5,9
1,120	5,9
1,118	5,9
1,115	5,9
1,112	5,9
1,109	5,9
1,107	5,9
1,104	5,9
1,101	5,9
1,099	5,9
1,096	5,9
1,093	5,9
1,091	5,9
1,088	5,9
1,085	5,9
1,083	5,9
1,080	5,9
1,077	5,9
1,075	5,9
1,072	5,9
1,069	5,9
1,067	5,9
1,064	5,9
1,061	5,9
1,059	5,9
1,056	5,9
1,053	5,9
1,051	5,9
1,048	5,9
1,045	5,9
1,043	5,9
1,040	5,9
1,037	5,9
1,035	5,9
1,032	5,9
1,029	5,9
1,027	5,9
1,024	5,9
1,021	5,9
1,019	5,9
1,016	5,9
1,013	5,9
1,011	5,9
1,008	5,9
1,005	5,9
1,003	5,9
1,000	5,9
0,997	5,9
0,995	5,9
0,992	5,9
0,989	5,9
0,987	5,9
0,984	5,9
0,981	5,9
0,979	5,9
0,976	5,9
0,973	5,9
0,970	5,9
0,968	5,9
0,965	5,9
0,962	5,9
0,960	5,9
0,957	5,9
0,954	5,9
0,952	5,9
0,949	5,9
0,946	5,9
0,944	5,9
0,941	5,9
0,938	5,9
0,936	5,9
0,933	6,0
0,930	6,0
0,928	6,0
0,925	6,0
0,922	6,0
0,920	6,0
0,917	6,0
0,914	6,0
0,912	6,0
0,909	6,0
0,906	6,0
0,904	6,0
0,901	6,0
0,898	6,0
0,896	6,0
0,893	6,0
0,890	6,0
0,888	6,0
0,885	6,0
0,882	6,0
0,880	6,0
0,877	6,0
0,874	6,0
0,872	6,0
0,869	6,0
0,866	6,0
0,864	6,1
0,861	6,1
0,858	6,1
0,856	6,1
0,853	6,1
0,850	6,1
0,848	6,1
0,845	6,1
0,842	6,1
0,840	6,1
0,837	6,1
0,834	6,1
0,831	6,1
0,829	6,1
0,826	6,1
0,823	6,1
0,821	6,1
0,818	6,1
0,815	6,1
0,813	6,1
0,810	6,1
0,807	6,1
0,805	6,1
0,802	6,1
0,799	6,1
0,797	6,2
0,794	6,2
0,791	6,1
0,789	6,2
0,786	6,2
0,783	6,2
0,781	6,2
0,778	6,2
0,775	6,2
0,773	6,2
0,770	6,2
0,767	6,2
0,765	6,2
0,762	6,2
0,759	6,2
0,757	6,2
0,754	6,2
0,751	6,2
0,749	6,2
0,746	6,2
0,743	6,2
0,741	6,2
0,738	6,2
0,735	6,2
0,733	6,2
0,730	6,3
0,727	6,3
0,725	6,3
0,722	6,3
0,719	6,3
0,717	6,3
0,714	6,3
0,711	6,3
0,709	6,4
0,706	6,3
0,703	6,4
0,701	6,4
0,698	6,4
0,695	6,4
0,692	6,4
0,690	6,4
0,687	6,4
0,684	6,4
0,682	6,4
0,679	6,4
0,676	6,4
0,674	6,4
0,671	6,4
0,668	6,4
0,666	6,4
0,663	6,5
0,660	6,5
0,658	6,4
0,655	6,4
0,652	6,5
0,650	6,5
0,647	6,5
0,644	6,5
0,642	6,5
0,639	6,5
0,636	6,5
0,634	6,5
0,631	6,5
0,628	6,5
0,626	6,5
0,623	6,5
0,620	6,5
0,618	6,5
0,615	6,5
0,612	6,5
0,610	6,5
0,607	6,5
0,604	6,5
0,602	6,5
0,599	6,5
0,596	6,5
0,594	6,6
0,591	6,6
0,588	6,6
0,586	6,6
0,583	6,5
0,580	6,5
0,578	6,6
0,575	6,6
0,572	6,6
0,570	6,6
0,567	6,6
0,564	6,6
0,561	6,6
0,559	6,6
0,556	6,6
0,553	6,6
0,551	6,6
0,548	6,6
0,545	6,5
0,543	6,5
0,540	6,6
0,537	6,6
0,535	6,6
0,532	6,6
0,529	6,5
0,527	6,5
0,524	6,5
0,521	6,5
0,519	6,6
0,516	6,5
0,513	6,5
0,511	6,5
0,508	6,5
0,505	6,5
0,503	6,5
0,500	6,5
0,497	6,5
0,495	6,5
0,492	6,5
0,489	6,5
0,487	6,5
0,484	6,5
0,481	6,5
0,479	6,5
0,476	6,5
0,473	6,5
0,471	6,5
0,468	6,5
0,465	6,5
0,463	6,5
0,460	6,5
0,457	6,5
0,455	6,5
0,452	6,5
0,449	6,5
0,447	6,5
0,444	6,5
0,441	6,5
0,438	6,5
0,436	6,5
0,433	6,5
0,430	6,4
0,428	6,5
0,425	6,5
0,422	6,4
0,420	6,4
0,417	6,4
0,414	6,4
0,412	6,4
0,409	6,4
0,406	6,4
0,404	6,4
0,401	6,4
0,398	6,4
0,396	6,4
0,393	6,4
0,390	6,4
0,388	6,4
0,385	6,4
0,382	6,4
0,380	6,4
0,377	6,4
0,374	6,4
0,372	6,4
0,369	6,4
0,366	6,4
0,364	6,4
0,361	6,4
0,358	6,4
0,356	6,4
0,353	6,4
0,350	6,4
0,348	6,4
0,345	6,4
0,342	6,4
0,340	6,4
0,337	6,4
0,334	6,4
0,332	6,4
0,329	6,4
0,326	6,4
0,324	6,4
0,321	6,4
0,318	6,4
0,316	6,4
0,313	6,4
0,310	6,4
0,307	6,4
0,305	6,4
0,302	6,4
0,299	6,4
0,297	6,4
0,294	6,4
0,291	6,4
0,289	6,4
0,286	6,4
0,283	6,4
0,281	6,4
0,278	6,4
0,275	6,4
0,273	6,4
0,270	6,4
0,267	6,4
0,265	6,4
0,262	6,4
0,259	6,4
0,257	6,4
0,254	6,4
0,251	6,4
0,249	6,4
0,246	6,4
0,243	6,4
0,241	6,4
0,238	6,4
0,235	6,5
0,233	6,5
0,230	6,5
0,227	6,5
0,225	6,5
0,222	6,5
0,219	6,5
0,217	6,5
0,214	6,5
0,211	6,5
0,209	6,5
0,206	6,5
0,203	6,5
0,201	6,5
0,198	6,6
0,195	6,6
0,193	6,6
0,190	6,6
0,187	6,6
0,184	6,7
0,182	6,7
0,179	6,7
0,176	6,7
0,174	6,7
0,171	6,7
0,168	6,8
0,166	6,8
0,163	6,8
0,160	6,9
0,158	6,9
0,155	6,9
0,152	7,0
0,150	7,0
0,147	7,0
0,144	7,0
0,142	7,0
0,139	7,1
0,136	7,1
0,134	7,1
0,131	7,1
0,128	7,1
0,126	7,1
0,123	7,1
0,120	7,1
0,118	7,1
0,115	7,2
0,112	7,2
0,110	7,2
0,107	7,2
0,104	7,3
0,102	7,4
0,099	7,4
0,096	7,4
0,094	7,5
0,091	7,6
0,088	7,6
0,086	7,6
0,083	7,7
0,080	7,8
0,078	7,8
0,075	7,8
0,072	7,9
0,070	7,9
0,067	8,0
0,064	8,0
0,061	8,1
0,059	8,1
0,056	8,1
0,053	8,2
0,051	8,2
0,048	8,2
0,045	8,3
0,043	8,2
0,040	8,2
0,037	8,3
0,035	8,3
0,032	8,3
0,029	8,3
0,027	8,4
0,024	8,4
0,021	8,4
0,019	8,4
0,016	8,4
0,013	8,4
0,011	8,4
0,008	8,5
0,005	8,5
0,003	8,5
0,000	8,6
-0,003	8,6
-0,005	8,6
-0,008	8,6
-0,011	8,6
-0,013	8,6
-0,016	8,6
-0,019	8,6
-0,021	8,5
-0,024	8,4
-0,027	8,4
-0,029	8,4
-0,032	8,4
-0,035	8,4
-0,037	8,4
-0,040	8,4
-0,043	8,4
-0,045	8,4
-0,048	8,4
-0,051	8,4
-0,053	8,4
-0,056	8,4
-0,059	8,4
-0,061	8,3
-0,064	8,3
-0,067	8,3
-0,070	8,3
-0,072	8,3
-0,075	8,3
-0,078	8,2
-0,080	8,2
-0,083	8,1
-0,086	8,2
-0,088	8,1
-0,091	8,1
-0,094	8,0
-0,096	8,0
-0,099	8,0
-0,102	7,9
-0,104	7,9
-0,107	7,8
-0,110	7,7
-0,112	7,6
-0,115	7,6
-0,118	7,6
-0,120	7,6
-0,123	7,6
-0,126	7,6
-0,128	7,5
-0,131	7,5
-0,134	7,5
-0,136	7,5
-0,139	7,5
-0,142	7,5
-0,144	7,5
-0,147	7,5
-0,150	7,5
-0,152	7,5
-0,155	7,4
-0,158	7,4
-0,160	7,4
-0,163	7,4
-0,166	7,3
-0,168	7,3
-0,171	7,3
-0,174	7,2
-0,176	7,2
-0,179	7,2
-0,182	7,2
-0,184	7,1
-0,187	7,1
-0,190	7,1
-0,193	7,1
-0,195	7,1
-0,198	7,0
-0,201	7,0
-0,203	6,9
-0,206	6,9
-0,209	6,9
-0,211	6,9
-0,214	6,8
-0,217	6,8
-0,219	6,8
-0,222	6,8
-0,225	6,8
-0,227	6,8
-0,230	6,8
-0,233	6,8
-0,235	6,7
-0,238	6,8
-0,241	6,7
-0,243	6,7
-0,246	6,7
-0,249	6,7
-0,251	6,7
-0,254	6,7
-0,257	6,7
-0,259	6,7
-0,262	6,7
-0,265	6,7
-0,267	6,7
-0,270	6,7
-0,273	6,7
-0,275	6,7
-0,278	6,7
-0,281	6,7
-0,283	6,7
-0,286	6,8
-0,289	6,8
-0,291	6,7
-0,294	6,7
-0,297	6,7
-0,299	6,7
-0,302	6,7
-0,305	6,7
-0,307	6,7
-0,310	6,7
-0,313	6,7
-0,316	6,7
-0,318	6,7
-0,321	6,7
-0,324	6,7
-0,326	6,7
-0,329	6,7
-0,332	6,7
-0,334	6,7
-0,337	6,7
-0,340	6,7
-0,342	6,7
-0,345	6,8
-0,348	6,7
-0,350	6,7
-0,353	6,8
-0,356	6,8
-0,358	6,8
-0,361	6,8
-0,364	6,8
-0,366	6,8
-0,369	6,8
-0,372	6,8
-0,374	6,8
-0,377	6,8
-0,380	6,8
-0,382	6,8
-0,385	6,8
-0,388	6,8
-0,390	6,8
-0,393	6,8
-0,396	6,8
-0,398	6,8
-0,401	6,8
-0,404	6,8
-0,406	6,8
-0,409	6,8
-0,412	6,8
-0,414	6,8
-0,417	6,8
-0,420	6,8
-0,422	6,8
-0,425	6,8
-0,428	6,8
-0,430	6,8
-0,433	6,8
-0,436	6,8
-0,438	6,8
-0,441	6,8
-0,444	6,8
-0,447	6,8
-0,449	6,8
-0,452	6,8
-0,455	6,8
-0,457	6,9
-0,460	6,9
-0,463	6,9
-0,465	6,9
-0,468	6,9
-0,471	6,9
-0,473	6,9
-0,476	6,9
-0,479	6,9
-0,481	6,9
-0,484	6,9
-0,487	6,9
-0,489	6,9
-0,492	6,9
-0,495	6,9
-0,497	6,9
-0,500	6,9
-0,503	6,9
-0,505	6,9
-0,508	6,9
-0,511	6,9
-0,513	6,9
-0,516	6,9
-0,519	6,9
-0,521	6,9
-0,524	6,9
-0,527	6,9
-0,529	6,9
-0,532	6,9
-0,535	7,0
-0,537	6,9
-0,540	6,9
-0,543	6,9
-0,545	6,9
-0,548	6,9
-0,551	6,9
-0,553	6,9
-0,556	6,9
-0,559	6,9
-0,561	6,9
-0,564	6,9
-0,567	6,9
-0,570	6,9
-0,572	6,9
-0,575	7,0
-0,578	6,9
-0,580	7,0
-0,583	6,9
-0,586	6,9
-0,588	7,0
-0,591	7,0
-0,594	7,0
-0,596	7,0
-0,599	7,0
-0,602	7,0
-0,604	6,9
-0,607	7,0
-0,610	7,0
-0,612	7,0
-0,615	7,0
-0,618	7,0
-0,620	7,0
-0,623	7,0
-0,626	7,0
-0,628	7,0
-0,631	7,0
-0,634	7,0
-0,636	7,0
-0,639	7,0
-0,642	7,0
-0,644	7,0
-0,647	7,0
-0,650	7,0
-0,652	7,0
-0,655	7,0
-0,658	7,0
-0,660	7,0
-0,663	7,0
-0,666	7,0
-0,668	7,0
-0,671	7,0
-0,674	7,0
-0,676	7,0
-0,679	7,0
-0,682	7,0
-0,684	7,0
-0,687	7,0
-0,690	7,0
-0,692	7,0
-0,695	7,0
-0,698	7,0
-0,701	7,0
-0,703	7,0
-0,706	7,0
-0,709	7,0
-0,711	7,0
-0,714	7,0
-0,717	7,0
-0,719	7,0
-0,722	7,0
-0,725	7,0
-0,727	7,0
-0,730	7,0
-0,733	7,0
-0,735	7,0
-0,738	7,0
-0,741	7,0
-0,743	7,0
-0,746	7,0
-0,749	7,0
-0,751	7,0
-0,754	7,0
-0,757	7,0
-0,759	7,0
-0,762	7,0
-0,765	7,0
-0,767	7,0
-0,770	7,0
-0,773	7,0
-0,775	7,0
-0,778	7,0
-0,781	7,0
-0,783	7,0
-0,786	7,0
-0,789	7,0
-0,791	7,0
-0,794	7,0
-0,797	7,0
-0,799	7,0
-0,802	7,1
-0,805	7,0
-0,807	7,0
-0,810	7,0
-0,813	7,0
-0,815	7,0
-0,818	7,0
-0,821	7,0
-0,823	7,0
-0,826	7,0
-0,829	7,1
-0,831	7,1
-0,834	7,1
-0,837	7,1
-0,840	7,1
-0,842	7,1
-0,845	7,1
-0,848	7,1
-0,850	7,0
-0,853	7,1
-0,856	7,1
-0,858	7,1
-0,861	7,1
-0,864	7,1
-0,866	7,1
-0,869	7,1
-0,872	7,1
-0,874	7,1
-0,877	7,1
-0,880	7,1
-0,882	7,1
-0,885	7,1
-0,888	7,1
-0,890	7,1
-0,893	7,1
-0,896	7,1
-0,898	7,0
-0,901	7,1
-0,904	7,1
-0,906	7,1
-0,909	7,1
-0,912	7,1
-0,914	7,1
-0,917	7,1
-0,920	7,1
-0,922	7,1
-0,925	7,0
-0,928	7,1
-0,930	7,1
-0,933	7,1
-0,936	7,1
-0,938	7,1
-0,941	7,1
-0,944	7,1
-0,946	7,1
-0,949	7,1
-0,952	7,1
-0,954	7,1
-0,957	7,1
-0,960	7,1
-0,962	7,1
-0,965	7,1
-0,968	7,1
-0,970	7,1
-0,973	7,1
-0,976	7,1
-0,979	7,1
-0,981	7,1
-0,984	7,1
-0,987	7,1
-0,989	7,1
-0,992	7,1
-0,995	7,1
-0,997	7,1
-1,000	7,1
-1,003	7,1
-1,005	7,1
-1,008	7,1
-1,011	7,1
-1,013	7,1
-1,016	7,1
-1,019	7,1
-1,021	7,1
-1,024	7,1
-1,027	7,1
-1,029	7,1
-1,032	7,1
-1,035	7,1
-1,037	7,1
-1,040	7,1
-1,043	7,1
-1,045	7,1
-1,048	7,1
-1,051	7,1
-1,053	7,1
-1,056	7,1
-1,059	7,1
-1,061	7,1
-1,064	7,1
-1,067	7,1
-1,069	7,1
-1,072	7,1
-1,075	7,1
-1,077	7,1
-1,080	7,1
-1,083	7,1
-1,085	7,1
-1,088	7,1
-1,091	7,1
-1,093	7,1
-1,096	7,1
-1,099	7,1
-1,101	7,1
-1,104	7,1
-1,107	7,1
-1,109	7,1
-1,112	7,1
-1,115	7,1
-1,118	7,1
-1,120	7,1
-1,123	7,1
-1,126	7,1
-1,128	7,1
-1,131	7,1
-1,134	7,1
-1,136	7,1
-1,139	7,1
-1,142	7,1
-1,144	7,1
-1,147	7,1
-1,150	7,1
-1,152	7,1
-1,155	7,1
-1,158	7,1
-1,160	7,1
-1,163	7,1
-1,166	7,1
-1,168	7,1
-1,171	7,1
-1,174	7,1
-1,176	7,1
-1,179	7,1
-1,182	7,1
-1,184	7,1
-1,187	7,1
-1,190	7,1
-1,192	7,1
-1,195	7,1
-1,198	7,1
-1,200	7,1
-1,203	7,1
-1,206	7,1
-1,208	7,1
-1,211	7,1
-1,214	7,1
-1,216	7,1
-1,219	7,1
-1,222	7,1
-1,224	7,1
-1,227	7,1
-1,230	7,1
-1,232	7,1
-1,235	7,1
-1,238	7,1
-1,240	7,1
-1,243	7,1
-1,246	7,1
-1,248	7,1
-1,251	7,1
-1,254	7,1
-1,256	7,1
-1,259	7,1
-1,262	7,1
-1,265	7,1
-1,267	7,1
-1,270	7,1
-1,273	7,1
-1,275	7,1
-1,278	7,1
-1,281	7,1
-1,283	7,1
-1,286	7,1
-1,289	7,1
-1,291	7,1
-1,294	7,1
-1,297	7,1
-1,299	7,1
-1,302	7,1
-1,305	7,1
-1,307	7,1
-1,310	7,1
-1,313	7,1
-1,315	7,1
-1,318	7,1
-1,321	7,1
-1,323	7,1
-1,326	7,1
-1,329	7,1
-1,331	7,1
-1,334	7,1
-1,337	7,1
-1,339	7,1
-1,342	7,1
-1,345	7,1
-1,347	7,1
-1,350	7,1
-1,353	7,1
-1,355	7,1
-1,358	7,1
-1,361	7,1
-1,363	7,1
-1,366	7,1
-1,369	7,3
-1,371	7,3
-1,374	7,3
-1,377	7,3
-1,379	7,3
-1,382	7,3
-1,385	7,3
-1,387	7,2
-1,390	7,2
-1,393	7,2
-1,395	7,2
-1,398	7,2
-1,401	7,2
-1,403	7,2
-1,406	7,2
-1,409	7,2
-1,411	7,2
-1,414	7,2
-1,417	7,2
-1,419	7,2
-1,422	7,2
-1,425	7,2
-1,428	7,2
-1,430	7,2
-1,433	7,2
-1,436	7,2
-1,438	7,2
-1,441	7,2
-1,444	7,2
-1,446	7,2
-1,449	7,2
-1,452	7,2
-1,454	7,2
-1,457	7,2
-1,460	7,2
-1,462	7,2
-1,465	7,2
-1,468	7,2
-1,470	7,2
-1,473	7,2
-1,476	7,2
-1,478	7,2
-1,481	7,2
-1,484	7,2
-1,486	7,2
-1,489	7,2
-1,492	7,2
-1,494	7,2
-1,497	7,2
-1,500	7,2
-1,502	7,2
-1,505	7,2
-1,508	7,2
-1,510	7,2
-1,513	7,2
-1,516	7,2
-1,518	7,2
-1,521	7,2
-1,524	7,2
-1,526	7,2
-1,529	7,2
-1,532	7,2
-1,534	7,2
-1,537	7,2
-1,540	7,2
-1,542	7,2
-1,545	7,2
-1,548	7,2
-1,550	7,2
-1,553	7,2
-1,556	7,2
-1,558	7,2
-1,561	7,2
-1,564	7,2
-1,566	7,2
-1,569	7,2
-1,572	7,2
-1,574	7,2
-1,577	7,2
-1,580	7,2
-1,582	7,2
-1,585	7,2
-1,588	7,2
-1,591	7,2
-1,593	7,2
-1,596	7,2
-1,599	7,2
-1,601	7,2
-1,604	7,2
-1,607	7,2
-1,609	7,2
-1,612	7,2
-1,615	7,2
-1,617	7,2
-1,620	7,2
-1,623	7,2
-1,625	7,2
-1,628	7,2
-1,631	7,2
-1,633	7,2
-1,636	7,2
-1,639	7,2
-1,641	7,2
-1,644	7,2
-1,647	7,2
-1,649	7,2
-1,652	7,2
-1,655	7,2
-1,657	7,2
-1,660	7,2
-1,663	7,2
-1,665	7,2
-1,668	7,2
-1,671	7,2
-1,673	7,2
-1,676	7,2
-1,679	7,2
-1,681	7,2
-1,684	7,2
-1,687	7,2
-1,689	7,2
-1,692	7,2
-1,695	7,2
-1,697	7,2
-1,700	7,2
-1,703	7,2
-1,705	7,2
-1,708	7,2
-1,711	7,2
-1,713	7,2
-1,716	7,2
-1,719	7,2
-1,721	7,2
-1,724	7,2
-1,727	7,2
-1,729	7,2
-1,732	7,2
-1,735	7,2
-1,737	7,2
-1,740	7,2
-1,743	7,2
-1,745	7,2
-1,748	7,2
-1,751	7,2
-1,753	7,2
-1,756	7,2
-1,759	7,2
-1,761	7,2
-1,764	7,2
-1,767	7,2
-1,769	7,2
-1,772	7,2
-1,775	7,2
-1,778	7,2
-1,780	7,2
-1,783	7,2
-1,786	7,2
-1,788	7,2
-1,791	7,2
-1,794	7,2
-1,796	7,2
-1,799	7,2
-1,802	7,2
-1,804	7,2
-1,807	7,2
-1,810	7,2
-1,812	7,2
-1,815	7,2
-1,818	7,2
-1,820	7,2
-1,823	7,2
-1,826	7,2
-1,828	7,2
-1,831	7,2
-1,834	7,2
-1,836	7,2
-1,839	7,2
-1,842	7,2
-1,844	7,2
-1,847	7,2
-1,850	7,2
-1,852	7,2
-1,855	7,2
-1,858	7,2
-1,860	7,2
-1,863	7,2
-1,866	7,2
-1,868	7,2
-1,871	7,2
-1,874	7,2
-1,876	7,2
-1,879	7,2
-1,882	7,2
-1,884	7,2
-1,887	7,2
-1,890	7,2
-1,892	7,2
-1,895	7,2
-1,898	7,2
-1,900	7,2
-1,903	7,2
-1,906	7,2
-1,908	7,2
-1,911	7,2
-1,914	7,2
-1,916	7,2
-1,919	7,2
-1,922	7,2
-1,924	7,2
-1,927	7,2
-1,930	7,2
-1,932	7,2
-1,935	7,2
-1,938	7,2
-1,940	7,2
-1,943	7,2
-1,946	7,2
-1,948	7,2
-1,951	7,2
-1,954	7,2
-1,956	7,2
-1,959	7,2
-1,962	7,2
-1,964	7,2
-1,967	7,2
-1,970	7,2
-1,972	7,2
-1,975	7,2
-1,978	7,2
-1,980	7,2
-1,983	7,2
-1,986	7,2
-1,989	7,2
-1,991	7,2
-1,994	7,2
-1,997	7,2
-1,999	7,2
-2,002	7,2
-2,005	7,2
-2,007	7,2
-2,010	7,2
-2,013	7,2
-2,015	7,2
-2,018	7,2
-2,021	7,2
-2,023	7,2
-2,026	7,2
-2,029	7,2
-2,031	7,2
-2,034	7,2
-2,037	7,2
-2,039	7,2
-2,042	7,2
-2,045	7,2
-2,047	7,2
-2,050	7,2
-2,053	7,2
-2,055	7,2
-2,058	7,2
-2,061	7,2
-2,063	7,2
-2,066	7,2
-2,069	7,2
-2,071	7,2
-2,074	7,2
-2,077	7,2
-2,079	7,2
-2,082	7,2
-2,085	7,2
-2,087	7,2
-2,090	7,2
-2,093	7,2
-2,095	7,2
-2,098	7,2
-2,101	7,2
-2,103	7,2
-2,106	7,2
-2,109	7,2
-2,111	7,2
-2,114	7,2
-2,117	7,2
-2,119	7,2
-2,122	7,2
-2,125	7,2
-2,127	7,2
-2,130	7,2
-2,133	7,2
-2,135	7,2
-2,138	7,2
-2,141	7,2
-2,143	7,2
-2,146	7,2
-2,149	7,2
-2,151	7,2
-2,154	7,2
-2,157	7,2
-2,159	7,2
-2,162	7,2
-2,165	7,2
-2,167	7,2
-2,170	7,2
-2,173	7,2
-2,175	7,2
-2,178	7,2
-2,181	7,2
-2,183	7,2
-2,186	7,2
-2,189	7,2
-2,191	7,2
-2,194	7,2
-2,197	7,2
-2,199	7,2
-2,202	7,2
-2,205	7,2
-2,207	7,2
-2,210	7,2
-2,213	7,2
-2,215	7,2
-2,218	7,2
-2,221	7,2
-2,223	7,2
-2,226	7,2
-2,229	7,2
-2,231	7,2
-2,234	7,2
-2,237	7,2
-2,240	7,2
-2,242	7,2
-2,245	7,2
-2,248	7,2
-2,250	7,2
-2,253	7,2
-2,256	7,2
-2,258	7,2
-2,261	7,2
-2,264	7,2
-2,266	7,2
-2,269	7,2
-2,272	7,2
-2,274	7,2
-2,277	7,2
-2,280	7,2
-2,282	7,2
-2,285	7,2
-2,288	7,2
-2,290	7,2
-2,293	7,2
-2,296	7,2
-2,298	7,2
-2,301	7,2
-2,304	7,2
-2,306	7,2
-2,309	7,2
-2,312	7,2
-2,314	7,2
-2,317	7,2
-2,320	7,2
-2,322	7,2
-2,325	7,2
-2,328	7,2
-2,330	7,2
-2,333	7,2
-2,336	7,2
-2,338	7,2
-2,341	7,2
-2,344	7,2
-2,346	7,2
-2,349	7,2
-2,352	7,2
-2,354	7,2
-2,357	7,2
-2,360	7,2
-2,362	7,2
-2,365	7,2
-2,368	7,2
-2,370	7,2
-2,373	7,2
-2,376	7,2
-2,378	7,2
-2,381	7,2
-2,384	7,2
-2,386	7,2
-2,389	7,2
-2,392	7,2
-2,394	7,2
-2,397	7,2
-2,400	7,2
-2,402	7,2
-2,405	7,2
-2,408	7,2
-2,410	7,2
-2,413	7,2
-2,416	7,2
-2,418	7,2
-2,421	7,2
-2,424	7,2
-2,426	7,2
-2,429	7,2
-2,432	7,2
-2,434	7,2
-2,437	7,2
-2,440	7,2
-2,442	7,2
-2,445	7,2
-2,448	7,2
-2,450	7,2
-2,453	7,2
-2,456	7,2
-2,458	7,2
-2,461	7,2
-2,464	7,2
-2,466	7,2
-2,469	7,2
-2,472	7,2
-2,474	7,2
-2,477	7,2
-2,480	7,2
-2,482	7,2
-2,485	7,2
-2,488	7,2
-2,490	7,2
-2,493	7,2
-2,496	7,2
-2,498	7,2
-2,501	7,2
-2,504	7,2
-2,506	7,2
-2,509	7,2
-2,512	7,2
-2,514	7,2
-2,517	7,2
-2,520	7,2
-2,522	7,2
-2,525	7,2
-2,528	7,2
-2,530	7,2
-2,533	7,2
-2,536	7,2
-2,538	7,2
-2,541	7,2
-2,544	7,2
-2,546	7,2
-2,549	7,2
-2,552	7,2
-2,554	7,2
-2,557	7,2
-2,560	7,2
-2,562	7,2
-2,565	7,2
-2,568	7,2
-2,570	7,2
-2,573	7,2
-2,576	7,2
-2,578	7,2
-2,581	7,2
-2,584	7,2
-2,586	7,2
-2,589	7,2
-2,592	7,2
-2,594	7,2
-2,597	7,2
-2,600	7,2
-2,602	7,2
-2,605	7,2
-2,608	7,2
-2,610	7,2
-2,613	7,2
-2,616	7,2
-2,619	7,2
-2,621	7,2
-2,624	7,2
-2,627	7,2
-2,629	7,2
-2,632	7,2
-2,635	7,2
-2,637	7,2
-2,640	7,2
-2,643	7,2
-2,645	7,2
-2,648	7,2
-2,651	7,2
-2,653	7,2
-2,656	7,2
-2,659	7,2
-2,661	7,2
-2,664	7,2
-2,667	7,2
-2,669	7,2
-2,672	7,2
-2,675	7,2
-2,677	7,2
-2,680	7,2
-2,683	7,2
-2,685	7,2
-2,688	7,2
-2,691	7,2
-2,693	7,2
-2,696	7,2
-2,699	7,2
-2,701	7,2
-2,704	7,2
-2,707	7,2
-2,709	7,2
-2,712	7,2
-2,715	7,2
-2,717	7,2
-2,720	7,2
-2,723	7,2
-2,725	7,2
-2,728	7,2
-2,731	7,2
-2,733	7,2
