MIN=0	0	0	0	0
MAX=50	10	10	10	70
SCALE=50	5	5	5	10
DEC=1	2	2	2	2
DEF="Time" t / s	"Voltage" U_A1 / V	"Voltage" U_B1 / V	"Anode" U_A / V	"Acceleration voltage" U_B / V
0	-0.015	0	-0.015	0
0.1	-0.025	0	-0.025	0
0.2	-0.015	0	-0.015	0
0.299	-0.015	0	-0.015	0
0.4	-0.01	0	-0.01	0
0.5	-0.02	0	-0.02	0
0.6	-0.015	0	-0.015	0
0.7	-0.025	0	-0.025	0
0.8	-0.015	0	-0.015	0
0.9	-0.025	0	-0.025	0
1	-0.015	0	-0.015	0
1.1	-0.025	0	-0.025	0
1.2	-0.01	0	-0.01	0
1.3	-0.02	0	-0.02	0
1.4	-0.015	0	-0.015	0
1.5	-0.025	0.2	-0.025	0.2
1.6	-0.01	0.4	-0.01	0.4
1.7	-0.015	0.6	-0.015	0.6
1.8	-0.01	0.75	-0.01	0.75
1.9	-0.015	0.95	-0.015	0.95
2	-0.01	1.15	-0.01	1.15
2.1	-0.015	1.35	-0.015	1.35
2.2	-0.01	1.5	-0.01	1.5
2.3	-0.015	1.75	-0.015	1.75
2.4	-0.01	1.9	-0.01	1.9
2.5	-0.02	2.05	-0.02	2.05
2.6	-0.01	2.25	-0.01	2.25
2.7	-0.015	2.45	-0.015	2.45
2.8	-0.015	2.65	-0.015	2.65
2.9	-0.015	2.85	-0.015	2.85
3	-0.015	3.05	-0.015	3.05
3.1	-0.015	3.2	-0.015	3.2
3.2	-0.02	3.4	-0.02	3.4
3.3	-0.015	3.6	-0.015	3.6
3.4	-0.02	3.8	-0.02	3.8
3.5	-0.015	4	-0.015	4
3.6	-0.02	4.15	-0.02	4.15
3.7	-0.015	4.35	-0.015	4.35
3.8	-0.02	4.55	-0.02	4.55
3.9	-0.02	4.75	-0.02	4.75
4	-0.025	4.95	-0.025	4.95
4.1	-0.02	5.15	-0.02	5.15
4.2	-0.025	5.35	-0.025	5.35
4.3	-0.015	5.5	-0.015	5.5
4.4	-0.025	5.75	-0.025	5.75
4.5	-0.015	5.9	-0.015	5.9
4.6	-0.025	6.1	-0.025	6.1
4.699	-0.01	6.25	-0.01	6.25
4.8	-0.025	6.5	-0.025	6.5
4.9	-0.015	6.65	-0.015	6.65
4.999	-0.02	6.85	-0.02	6.85
5.1	-0.015	7.05	-0.015	7.05
5.199	-0.02	7.25	-0.02	7.25
5.3	-0.01	7.4	-0.01	7.4
5.4	-0.025	7.6	-0.025	7.6
5.5	-0.01	7.8	-0.01	7.8
5.6	-0.025	8	-0.025	8
5.7	-0.015	8.2	-0.015	8.2
5.8	-0.02	8.35	-0.02	8.35
5.9	-0.015	8.6	-0.015	8.6
6	-0.015	8.75	-0.015	8.75
6.1	-0.01	8.95	-0.01	8.95
6.2	-0.015	9.15	-0.015	9.15
6.3	-0.005	9.35	-0.005	9.35
6.4	-0.01	9.5	-0.01	9.5
6.5	0	9.7	0	9.7
6.6	-0.005	9.9	-0.005	9.9
6.7	0.01	10.1	0.01	10.1
6.8	0.01	10.3	0.01	10.3
6.9	0.025	10.45	0.025	10.45
7	0.035	10.7	0.035	10.7
7.1	0.06	10.85	0.06	10.85
7.2	0.08	11.05	0.08	11.05
7.3	0.1	11.25	0.1	11.25
7.4	0.12	11.4	0.12	11.4
7.499	0.13	11.6	0.13	11.6
7.599	0.13	11.8	0.13	11.8
7.699	0.115	12	0.115	12
7.799	0.11	12.2	0.11	12.2
7.899	0.085	12.4	0.085	12.4
8	0.075	12.6	0.075	12.6
8.099	0.055	12.75	0.055	12.75
8.2	0.05	12.95	0.05	12.95
8.299	0.03	13.15	0.03	13.15
8.4	0.035	13.35	0.035	13.35
8.499	0.03	13.5	0.03	13.5
8.599	0.05	13.75	0.05	13.75
8.699	0.05	13.9	0.05	13.9
8.799	0.09	14.1	0.09	14.1
8.899	0.105	14.3	0.105	14.3
9	0.16	14.5	0.16	14.5
9.099	0.2	14.7	0.2	14.7
9.199	0.265	14.85	0.265	14.85
9.299	0.33	15.05	0.33	15.05
9.399	0.415	15.25	0.415	15.25
9.499	0.51	15.45	0.51	15.45
9.599	0.615	15.65	0.615	15.65
9.699	0.73	15.85	0.73	15.85
9.799	0.85	16	0.85	16
9.899	0.975	16.2	0.975	16.2
9.999	1.075	16.4	1.075	16.4
10.099	1.105	16.6	1.105	16.6
10.199	1.045	16.75	1.045	16.75
10.299	0.91	16.95	0.91	16.95
10.399	0.76	17.15	0.76	17.15
10.499	0.625	17.35	0.625	17.35
10.599	0.485	17.55	0.485	17.55
10.699	0.37	17.75	0.37	17.75
10.799	0.29	17.95	0.29	17.95
10.9	0.24	18.1	0.24	18.1
10.999	0.22	18.3	0.22	18.3
11.1	0.23	18.5	0.23	18.5
11.2	0.255	18.65	0.255	18.65
11.3	0.315	18.9	0.315	18.9
11.4	0.385	19.05	0.385	19.05
11.5	0.485	19.25	0.485	19.25
11.6	0.58	19.45	0.58	19.45
11.7	0.72	19.65	0.72	19.65
11.8	0.875	19.85	0.875	19.85
11.9	1.04	20	1.04	20
12	1.215	20.25	1.215	20.25
12.1	1.4	20.4	1.4	20.4
12.2	1.63	20.6	1.63	20.6
12.3	1.855	20.8	1.855	20.8
12.4	2.11	21	2.11	21
12.5	2.305	21.15	2.305	21.15
12.6	2.41	21.4	2.41	21.4
12.7	2.355	21.55	2.355	21.55
12.8	2.085	21.75	2.085	21.75
12.9	1.77	21.95	1.77	21.95
13	1.44	22.1	1.44	22.1
13.1	1.115	22.3	1.115	22.3
13.2	0.825	22.5	0.825	22.5
13.3	0.61	22.7	0.61	22.7
13.4	0.475	22.9	0.475	22.9
13.5	0.41	23.1	0.41	23.1
13.6	0.385	23.25	0.385	23.25
13.7	0.43	23.5	0.43	23.5
13.8	0.49	23.65	0.49	23.65
13.9	0.595	23.85	0.595	23.85
14	0.745	24.05	0.745	24.05
14.1	0.91	24.2	0.91	24.2
14.2	1.12	24.45	1.12	24.45
14.3	1.34	24.6	1.34	24.6
14.4	1.61	24.8	1.61	24.8
14.5	1.88	25	1.88	25
14.6	2.19	25.2	2.19	25.2
14.7	2.505	25.4	2.505	25.4
14.8	2.83	25.6	2.83	25.6
14.9	3.175	25.8	3.175	25.8
15	3.495	25.95	3.495	25.95
15.1	3.79	26.15	3.79	26.15
15.2	3.86	26.35	3.86	26.35
15.3	3.67	26.55	3.67	26.55
15.4	3.31	26.7	3.31	26.7
15.5	2.82	26.95	2.82	26.95
15.6	2.39	27.1	2.39	27.1
15.7	1.85	27.3	1.85	27.3
15.8	1.415	27.45	1.415	27.45
15.9	1.095	27.65	1.095	27.65
16	0.86	27.9	0.86	27.9
16.1	0.73	28.05	0.73	28.05
16.2	0.7	28.25	0.7	28.25
16.3	0.74	28.45	0.74	28.45
16.4	0.865	28.65	0.865	28.65
16.5	1.015	28.8	1.015	28.8
16.6	1.23	29	1.23	29
16.7	1.46	29.2	1.46	29.2
16.8	1.75	29.35	1.75	29.35
16.9	2.1	29.55	2.1	29.55
17	2.44	29.75	2.44	29.75
17.1	2.875	29.95	2.875	29.95
17.2	3.28	30.15	3.28	30.15
17.3	3.775	30.35	3.775	30.35
17.4	4.235	30.5	4.235	30.5
17.5	4.745	30.75	4.745	30.75
17.6	5.16	30.9	5.16	30.9
17.7	5.475	31.1	5.475	31.1
17.8	5.595	31.3	5.595	31.3
17.9	5.41	31.5	5.41	31.5
18	4.985	31.65	4.985	31.65
18.1	4.47	31.85	4.47	31.85
18.2	3.805	32.05	3.805	32.05
18.3	3.13	32.25	3.13	32.25
18.4	2.48	32.45	2.48	32.45
18.5	2.015	32.65	2.015	32.65
18.6	1.67	32.8	1.67	32.8
18.7	1.415	33	1.415	33
18.8	1.315	33.2	1.315	33.2
18.9	1.325	33.4	1.325	33.4
19	1.43	33.55	1.43	33.55
19.1	1.64	33.75	1.64	33.75
19.2	1.91	33.95	1.91	33.95
19.3	2.27	34.15	2.27	34.15
