MIN=0	0	0	0	0
MAX=50	10	10	10	70
SCALE=50	5	5	5	10
DEC=1	2	2	2	2
DEF="Time" t / s	"Voltage" U_A1 / V	"Voltage" U_B1 / V	"Anode" U_A / V	"Acceleration voltage" U_B / V
0	-0.01	0	-0.01	0
0.1	-0.015	0	-0.015	0
0.2	-0.01	0	-0.01	0
0.3	-0.015	0	-0.015	0
0.4	-0.01	0	-0.01	0
0.501	-0.02	0	-0.02	0
0.6	-0.01	0	-0.01	0
0.7	-0.02	0	-0.02	0
0.8	-0.01	0	-0.01	0
0.9	-0.015	0	-0.015	0
1	-0.01	0	-0.01	0
1.1	-0.015	0	-0.015	0
1.2	-0.015	0.15	-0.015	0.15
1.3	-0.015	0.35	-0.015	0.35
1.4	-0.02	0.55	-0.02	0.55
1.5	-0.02	0.7	-0.02	0.7
1.6	-0.02	0.9	-0.02	0.9
1.7	-0.015	1.1	-0.015	1.1
1.8	-0.02	1.3	-0.02	1.3
1.9	-0.015	1.5	-0.015	1.5
2	-0.02	1.7	-0.02	1.7
2.1	-0.015	1.9	-0.015	1.9
2.2	-0.02	2.05	-0.02	2.05
2.299	-0.015	2.25	-0.015	2.25
2.399	-0.025	2.45	-0.025	2.45
2.499	-0.015	2.7	-0.015	2.7
2.599	-0.025	2.8	-0.025	2.8
2.699	-0.015	3.05	-0.015	3.05
2.8	-0.025	3.2	-0.025	3.2
2.899	-0.015	3.4	-0.015	3.4
2.999	-0.025	3.6	-0.025	3.6
3.099	-0.015	3.8	-0.015	3.8
3.2	-0.025	4	-0.025	4
3.299	-0.015	4.15	-0.015	4.15
3.399	-0.02	4.4	-0.02	4.4
3.499	-0.015	4.55	-0.015	4.55
3.599	-0.02	4.75	-0.02	4.75
3.699	-0.01	4.9	-0.01	4.9
3.799	-0.015	5.15	-0.015	5.15
3.899	-0.01	5.3	-0.01	5.3
3.999	-0.015	5.5	-0.015	5.5
4.099	-0.01	5.7	-0.01	5.7
4.199	-0.02	5.85	-0.02	5.85
4.299	-0.01	6.05	-0.01	6.05
4.399	-0.015	6.25	-0.015	6.25
4.499	-0.01	6.45	-0.01	6.45
4.599	-0.015	6.65	-0.015	6.65
4.7	-0.01	6.85	-0.01	6.85
4.799	-0.015	7	-0.015	7
4.899	-0.015	7.2	-0.015	7.2
4.999	-0.015	7.4	-0.015	7.4
5.1	-0.01	7.6	-0.01	7.6
5.199	-0.015	7.8	-0.015	7.8
5.299	-0.02	7.95	-0.02	7.95
5.399	-0.015	8.15	-0.015	8.15
5.499	-0.015	8.35	-0.015	8.35
5.599	-0.015	8.55	-0.015	8.55
5.699	-0.02	8.75	-0.02	8.75
5.799	-0.015	8.95	-0.015	8.95
5.899	-0.02	9.15	-0.02	9.15
5.999	-0.015	9.3	-0.015	9.3
6.099	-0.02	9.5	-0.02	9.5
6.199	-0.015	9.7	-0.015	9.7
6.299	-0.025	9.85	-0.025	9.85
6.399	-0.015	10.05	-0.015	10.05
6.499	-0.025	10.25	-0.025	10.25
6.599	-0.01	10.45	-0.01	10.45
6.699	-0.015	10.65	-0.015	10.65
6.799	-0.005	10.85	-0.005	10.85
6.899	0	11.05	0	11.05
6.999	0.015	11.2	0.015	11.2
7.099	0.02	11.4	0.02	11.4
7.199	0.045	11.6	0.045	11.6
7.299	0.04	11.75	0.04	11.75
7.399	0.055	11.95	0.055	11.95
7.499	0.04	12.15	0.04	12.15
7.599	0.045	12.35	0.045	12.35
7.699	0.025	12.55	0.025	12.55
7.799	0.03	12.75	0.03	12.75
7.899	0.015	12.95	0.015	12.95
7.999	0.015	13.1	0.015	13.1
8.099	0.005	13.3	0.005	13.3
8.199	0.005	13.5	0.005	13.5
8.299	0	13.7	0	13.7
8.399	0	13.9	0	13.9
8.499	-0.005	14.1	-0.005	14.1
8.599	-0.005	14.25	-0.005	14.25
8.699	-0.01	14.5	-0.01	14.5
8.799	-0.005	14.65	-0.005	14.65
8.9	-0.01	14.85	-0.01	14.85
8.999	-0.005	15.05	-0.005	15.05
9.099	0	15.2	0	15.2
9.199	0.01	15.45	0.01	15.45
9.299	0.03	15.6	0.03	15.6
9.399	0.065	15.8	0.065	15.8
9.499	0.105	16	0.105	16
9.599	0.165	16.2	0.165	16.2
9.699	0.22	16.4	0.22	16.4
9.799	0.265	16.55	0.265	16.55
9.899	0.29	16.75	0.29	16.75
9.999	0.27	16.95	0.27	16.95
10.099	0.23	17.15	0.23	17.15
10.199	0.185	17.3	0.185	17.3
10.299	0.14	17.55	0.14	17.55
10.399	0.1	17.7	0.1	17.7
10.499	0.07	17.9	0.07	17.9
10.599	0.045	18.1	0.045	18.1
10.699	0.03	18.3	0.03	18.3
10.799	0.01	18.5	0.01	18.5
10.899	0.01	18.65	0.01	18.65
10.999	-0.005	18.85	-0.005	18.85
11.099	0	19.05	0	19.05
11.199	-0.015	19.25	-0.015	19.25
11.299	-0.005	19.45	-0.005	19.45
11.399	-0.02	19.65	-0.02	19.65
11.499	-0.005	19.85	-0.005	19.85
11.599	0	20.05	0	20.05
11.699	0.03	20.2	0.03	20.2
11.799	0.06	20.4	0.06	20.4
11.899	0.13	20.6	0.13	20.6
11.999	0.195	20.75	0.195	20.75
12.099	0.315	21	0.315	21
12.199	0.41	21.15	0.41	21.15
12.299	0.54	21.35	0.54	21.35
12.399	0.605	21.55	0.605	21.55
12.499	0.615	21.75	0.615	21.75
12.599	0.55	21.95	0.55	21.95
12.699	0.47	22.1	0.47	22.1
12.799	0.38	22.3	0.38	22.3
12.899	0.3	22.5	0.3	22.5
13	0.205	22.7	0.205	22.7
13.1	0.15	22.9	0.15	22.9
13.199	0.095	23.05	0.095	23.05
13.299	0.07	23.25	0.07	23.25
13.399	0.035	23.45	0.035	23.45
13.499	0.025	23.65	0.025	23.65
13.599	0.005	23.8	0.005	23.8
13.699	0	24.05	0	24.05
13.799	0	24.2	0	24.2
13.899	0	24.4	0	24.4
13.999	0	24.6	0	24.6
14.099	0.015	24.8	0.015	24.8
14.199	0.045	25	0.045	25
14.299	0.105	25.2	0.105	25.2
14.399	0.18	25.35	0.18	25.35
14.499	0.29	25.6	0.29	25.6
14.599	0.415	25.75	0.415	25.75
14.699	0.575	25.95	0.575	25.95
14.799	0.765	26.1	0.765	26.1
14.899	0.915	26.3	0.915	26.3
14.999	1.02	26.5	1.02	26.5
15.099	1.015	26.7	1.015	26.7
15.199	0.93	26.9	0.93	26.9
15.299	0.81	27.1	0.81	27.1
15.399	0.67	27.3	0.67	27.3
15.499	0.525	27.45	0.525	27.45
15.599	0.4	27.65	0.4	27.65
15.699	0.285	27.85	0.285	27.85
15.799	0.21	28.05	0.21	28.05
15.899	0.125	28.25	0.125	28.25
15.999	0.09	28.4	0.09	28.4
16.099	0.045	28.65	0.045	28.65
16.199	0.035	28.8	0.035	28.8
16.3	0.01	29	0.01	29
16.399	0.01	29.2	0.01	29.2
16.499	0	29.35	0	29.35
16.599	0.025	29.6	0.025	29.6
16.699	0.04	29.75	0.04	29.75
16.799	0.11	29.95	0.11	29.95
16.899	0.18	30.1	0.18	30.1
16.999	0.32	30.3	0.32	30.3
17.099	0.465	30.5	0.465	30.5
17.2	0.69	30.7	0.69	30.7
17.3	0.895	30.9	0.895	30.9
17.4	1.155	31.05	1.155	31.05
17.5	1.355	31.3	1.355	31.3
17.6	1.49	31.45	1.49	31.45
17.7	1.52	31.65	1.52	31.65
17.8	1.475	31.85	1.475	31.85
17.9	1.345	32.05	1.345	32.05
18	1.185	32.2	1.185	32.2
18.1	0.955	32.45	0.955	32.45
18.2	0.77	32.6	0.77	32.6
18.3	0.585	32.8	0.585	32.8
18.4	0.45	33	0.45	33
18.5	0.335	33.2	0.335	33.2
18.6	0.235	33.4	0.235	33.4
18.7	0.17	33.55	0.17	33.55
18.8	0.11	33.75	0.11	33.75
18.9	0.08	33.95	0.08	33.95
19	0.055	34.15	0.055	34.15
19.1	0.055	34.35	0.055	34.35
19.2	0.075	34.55	0.075	34.55
19.3	0.125	34.7	0.125	34.7
19.4	0.2	34.9	0.2	34.9
19.5	0.33	35.1	0.33	35.1
19.6	0.485	35.3	0.485	35.3
19.7	0.73	35.45	0.73	35.45
19.799	0.98	35.65	0.98	35.65
19.9	1.34	35.85	1.34	35.85
20	1.65	36.05	1.65	36.05
20.099	1.955	36.25	1.955	36.25
20.199	2.125	36.45	2.125	36.45
20.299	2.235	36.6	2.235	36.6
20.399	2.235	36.85	2.235	36.85
20.499	2.175	37	2.175	37
20.599	1.975	37.2	1.975	37.2
20.699	1.75	37.35	1.75	37.35
20.799	1.465	37.6	1.465	37.6
20.899	1.23	37.75	1.23	37.75
20.999	0.96	38	0.96	38
21.099	0.785	38.15	0.785	38.15
21.199	0.605	38.35	0.605	38.35
21.299	0.485	38.55	0.485	38.55
21.399	0.37	38.7	0.37	38.7
21.499	0.29	38.9	0.29	38.9
21.599	0.235	39.1	0.235	39.1
21.699	0.215	39.3	0.215	39.3
21.799	0.225	39.5	0.225	39.5
21.899	0.285	39.7	0.285	39.7
21.999	0.28	39.7	0.28	39.7
22.099	0.285	39.7	0.285	39.7
22.199	0.285	39.65	0.285	39.65
22.299	0.28	39.7	0.28	39.7
22.399	0.285	39.7	0.285	39.7
22.499	0.28	39.65	0.28	39.65
22.599	0.285	39.7	0.285	39.7
22.699	0.285	39.7	0.285	39.7
22.799	0.285	39.65	0.285	39.65
22.899	0.285	39.7	0.285	39.7
22.999	0.285	39.7	0.285	39.7
23.099	0.285	39.7	0.285	39.7
23.199	0.29	39.65	0.29	39.65
23.299	0.28	39.7	0.28	39.7
23.399	0.29	39.7	0.29	39.7
23.499	0.28	39.65	0.28	39.65
23.599	0.285	39.7	0.285	39.7
23.699	0.28	39.7	0.28	39.7
