&a  °	I1  %
5.459	0.0
5.454	0.0
5.449	0.0
5.443	0.0
5.438	0.0
5.433	0.0
5.428	0.0
5.422	0.0
5.417	0.0
5.412	0.0
5.406	0.0
5.401	0.0
5.396	0.0
5.390	0.0
5.385	0.0
5.380	0.0
5.375	0.0
5.369	0.0
5.364	0.0
5.359	0.0
5.353	0.0
5.348	0.0
5.343	0.0
5.337	0.0
5.332	0.0
5.327	0.0
5.322	0.0
5.316	0.0
5.311	0.0
5.306	0.0
5.300	0.0
5.295	0.0
5.290	0.0
5.284	0.0
5.279	0.0
5.274	0.0
5.269	0.0
5.263	0.0
5.258	0.0
5.253	0.0
5.247	0.0
5.242	0.0
5.237	0.0
5.231	0.0
5.226	0.0
5.221	0.0
5.216	0.0
5.210	0.0
5.205	0.0
5.200	0.0
5.194	0.0
5.189	0.0
5.184	0.0
5.178	0.0
5.173	0.0
5.168	0.0
5.162	0.0
5.157	0.0
5.152	0.0
5.147	0.0
5.141	0.0
5.136	0.0
5.131	0.0
5.125	0.0
5.120	0.0
5.115	0.0
5.109	0.0
5.104	0.0
5.099	0.0
5.094	0.0
5.088	0.0
5.083	0.0
5.078	0.0
5.072	0.0
5.067	0.0
5.062	0.0
5.056	0.0
5.051	0.0
5.046	0.0
5.040	0.0
5.035	0.0
5.030	0.0
5.025	0.0
5.019	0.0
5.014	0.0
5.009	0.0
5.003	0.0
4.998	0.0
4.993	0.0
4.987	0.0
4.982	0.0
4.977	0.0
4.971	0.0
4.966	0.0
4.961	0.0
4.956	0.0
4.950	0.0
4.945	0.0
4.940	0.0
4.934	0.0
4.929	0.0
4.924	0.0
4.918	0.0
4.913	0.0
4.908	0.0
4.902	0.0
4.897	0.0
4.892	0.0
4.887	0.0
4.881	0.0
4.876	0.0
4.871	0.0
4.865	0.0
4.860	0.0
4.855	0.0
4.849	0.0
4.844	0.0
4.839	0.0
4.833	0.0
4.828	0.0
4.823	0.0
4.818	0.0
4.812	0.0
4.807	0.0
4.802	0.0
4.796	0.0
4.791	0.0
4.786	0.0
4.780	0.0
4.775	0.0
4.770	0.0
4.764	0.0
4.759	0.0
4.754	0.0
4.748	0.0
4.743	0.0
4.738	0.0
4.733	0.0
4.727	0.0
4.722	0.0
4.717	0.0
4.711	0.0
4.706	0.0
4.701	0.0
4.695	0.0
4.690	0.0
4.685	0.0
4.679	0.0
4.674	0.0
4.669	0.0
4.663	0.0
4.658	0.0
4.653	0.0
4.648	0.0
4.642	0.0
4.637	0.0
4.632	0.0
4.626	0.0
4.621	0.0
4.616	0.0
4.610	0.0
4.605	0.0
4.600	0.0
4.594	0.0
4.589	0.0
4.584	0.0
4.578	0.0
4.573	0.0
4.568	0.0
4.563	0.0
4.557	0.0
4.552	0.0
4.547	0.0
4.541	0.0
4.536	0.0
4.531	0.0
4.525	0.0
4.520	0.0
4.515	0.0
4.509	0.0
4.504	0.0
4.499	0.0
4.493	0.0
4.488	0.0
4.483	0.0
4.478	0.0
4.472	0.0
4.467	0.0
4.462	0.0
4.456	0.0
4.451	0.0
4.446	0.0
4.440	0.0
4.435	0.4
4.430	0.4
4.424	0.4
4.419	0.4
4.414	0.4
4.408	0.4
4.403	0.4
4.398	0.4
4.392	0.4
4.387	0.4
4.382	0.4
4.377	0.4
4.371	0.4
4.366	0.4
4.361	0.4
4.355	0.4
4.350	0.4
4.345	0.4
4.339	0.4
4.334	0.4
4.329	0.4
4.323	0.4
4.318	0.4
4.313	0.4
4.307	0.4
4.302	0.4
4.297	0.4
4.291	0.4
4.286	0.4
4.281	0.4
4.275	0.4
4.270	0.4
4.265	0.4
4.260	0.4
4.254	0.4
4.249	0.4
4.244	0.4
4.238	0.4
4.233	0.8
4.228	0.8
4.222	0.8
4.217	0.8
4.212	0.8
4.206	0.8
4.201	0.8
4.196	0.8
4.190	0.8
4.185	0.8
4.180	0.8
4.174	0.8
4.169	0.8
4.164	0.8
4.158	0.8
4.153	0.8
4.148	1.2
4.143	1.2
4.137	1.2
4.132	1.2
4.127	1.2
4.121	0.8
4.116	0.8
4.111	0.8
4.105	0.8
4.100	0.8
4.095	0.8
4.089	0.8
4.084	0.8
4.079	0.8
4.073	0.8
4.068	0.8
4.063	1.2
4.057	1.2
4.052	1.6
4.047	1.6
4.041	1.6
4.036	1.6
4.031	1.6
4.025	1.2
4.020	1.2
4.015	1.2
4.009	1.2
4.004	1.2
3.999	1.2
3.994	1.2
3.988	1.2
3.983	1.2
3.978	1.2
3.972	1.6
3.967	1.6
3.962	2.0
3.956	2.4
3.951	2.8
3.946	3.2
3.940	3.2
3.935	2.8
3.930	2.4
3.924	2.0
3.919	1.6
3.914	1.6
3.908	1.2
3.903	1.2
3.898	1.2
3.892	1.2
3.887	1.2
3.882	1.2
3.876	1.6
3.871	1.6
3.866	2.0
3.860	2.8
3.855	3.6
3.850	4.4
3.844	4.8
3.839	4.4
3.834	3.6
3.829	3.2
3.823	2.4
3.818	2.0
3.813	2.0
3.807	2.0
3.802	1.6
3.797	1.6
3.791	1.6
3.786	1.6
3.781	1.6
3.775	2.0
3.770	2.4
3.765	3.2
3.759	3.6
3.754	4.8
3.749	6.0
3.743	6.8
3.738	6.4
3.733	5.2
3.727	4.4
3.722	3.6
3.717	2.8
3.711	2.4
3.706	2.0
3.701	2.0
3.695	2.0
3.690	2.0
3.685	2.0
3.679	2.4
3.674	2.8
3.669	3.2
3.663	3.6
3.658	4.4
3.653	5.6
3.647	7.2
3.642	8.8
3.637	8.8
3.632	7.6
3.626	6.4
3.621	5.2
3.616	4.4
3.610	3.6
3.605	3.2
3.600	2.8
3.594	2.4
3.589	2.0
3.584	2.0
3.578	2.4
3.573	2.4
3.568	2.8
3.562	3.6
3.557	4.4
3.552	5.6
3.546	7.2
3.541	8.8
3.536	10.4
3.530	10.4
3.525	9.2
3.520	7.6
3.514	6.0
3.509	4.8
3.504	4.0
3.498	3.6
3.493	3.2
3.488	2.8
3.482	2.8
3.477	2.8
3.472	2.8
3.466	2.8
3.461	3.2
3.456	3.6
3.450	4.4
3.445	6.0
3.440	7.6
3.434	9.6
3.429	11.2
3.424	12.0
3.418	12.0
3.413	10.8
3.408	9.2
3.402	7.6
3.397	6.0
3.392	4.8
3.386	4.0
3.381	3.6
3.376	3.2
3.370	3.2
3.365	3.2
3.360	3.2
3.354	3.2
3.349	3.6
3.344	4.0
3.338	5.2
3.333	6.8
3.328	8.8
3.322	11.2
3.317	12.8
3.312	13.2
3.306	12.8
3.301	11.6
3.296	10.4
3.291	8.8
3.285	7.2
3.280	5.6
3.275	4.8
3.269	4.0
3.264	3.6
3.259	3.2
3.253	3.2
3.248	2.8
3.243	2.8
3.237	3.2
3.232	3.6
3.227	4.4
3.221	5.6
3.216	7.6
3.211	10.0
3.205	12.8
3.200	14.8
3.195	15.2
3.189	14.8
3.184	13.2
3.179	11.6
3.173	9.6
3.168	8.0
3.163	6.4
3.157	5.2
3.152	4.4
3.147	4.0
3.141	4.0
3.136	4.0
3.131	3.6
3.125	3.6
3.120	4.0
3.115	4.4
3.109	4.8
3.104	6.0
3.099	7.6
3.093	10.0
3.088	13.2
3.083	16.0
3.077	17.2
3.072	17.2
3.067	16.0
3.061	14.0
3.056	11.6
3.051	9.2
3.045	7.6
3.040	6.4
3.035	5.2
3.029	4.8
3.024	4.4
3.019	4.0
3.013	3.6
3.008	3.6
3.003	3.6
2.997	4.0
2.992	4.0
2.987	4.8
2.981	5.6
2.976	6.8
2.971	9.2
2.965	12.4
2.960	16.0
2.955	18.8
2.949	19.2
2.944	18.4
2.939	16.4
2.933	14.0
2.928	11.6
2.923	9.2
2.917	7.6
2.912	6.4
2.907	5.2
2.901	4.8
2.896	4.4
2.891	4.0
2.885	4.0
2.880	3.6
2.875	3.6
2.869	3.6
2.864	4.0
2.859	4.4
2.853	5.2
2.848	6.0
2.843	7.6
2.837	10.4
2.832	14.4
2.827	18.4
2.821	20.8
2.816	21.2
2.811	19.6
2.805	16.8
2.800	13.6
2.795	10.8
2.789	8.8
2.784	7.2
2.779	5.6
2.773	4.8
2.768	4.4
2.763	4.0
2.757	3.6
2.752	3.6
2.747	3.6
2.741	3.6
2.736	3.6
2.731	3.6
2.725	4.0
2.720	4.0
2.715	4.4
2.709	5.2
2.704	6.8
2.699	9.6
2.693	14.4
2.688	19.2
2.683	22.4
2.677	22.8
2.672	20.8
2.667	18.0
2.661	14.8
2.656	12.0
2.651	9.6
2.645	8.0
2.640	6.4
2.635	5.2
2.629	4.8
2.624	4.4
2.619	4.0
2.613	4.0
2.608	4.0
2.602	4.0
2.597	4.0
2.592	4.0
2.586	4.0
2.581	4.0
2.576	4.4
2.570	5.2
2.565	6.0
2.560	7.2
2.554	9.6
2.549	13.2
2.544	18.4
2.538	22.8
2.533	25.2
2.528	24.8
2.522	22.0
2.517	18.4
2.512	14.8
2.506	12.0
2.501	9.6
2.496	7.6
2.490	6.4
2.485	5.6
2.480	4.8
2.474	4.4
2.469	4.0
2.464	4.0
2.458	4.0
2.453	4.0
2.448	4.0
2.442	4.0
2.437	4.0
2.432	4.0
2.426	4.4
2.421	4.8
2.416	5.2
2.410	6.0
2.405	7.2
2.400	9.2
2.394	12.4
2.389	17.6
2.384	23.2
2.378	26.8
2.373	27.2
2.368	25.2
2.362	21.6
2.357	17.6
2.352	14.0
2.346	11.2
2.341	8.8
2.336	7.2
2.330	6.0
2.325	5.2
2.320	4.8
2.314	4.4
2.309	4.0
2.304	4.0
2.298	4.0
2.293	4.0
2.288	3.6
2.282	3.6
2.277	4.0
2.272	4.0
2.266	4.0
2.261	4.4
2.256	4.8
2.250	5.2
2.245	6.0
2.240	6.8
2.234	8.4
2.229	11.2
2.223	15.6
2.218	21.2
2.213	26.4
2.207	29.2
2.202	28.8
2.197	25.6
2.191	21.2
2.186	17.2
2.181	13.6
2.175	10.8
2.170	8.8
2.165	7.2
2.159	6.0
2.154	5.2
2.149	4.8
2.143	4.4
2.138	4.4
2.133	4.4
2.127	4.0
2.122	4.0
2.117	4.0
2.111	4.0
2.106	4.0
2.101	4.0
2.095	4.0
2.090	4.0
2.085	4.4
2.079	4.8
2.074	5.2
2.069	5.6
2.063	6.4
2.058	7.2
2.053	8.8
2.047	11.6
2.042	15.6
2.037	21.6
2.031	27.6
2.026	31.2
2.021	31.6
2.015	29.2
2.010	24.8
2.005	20.4
1.999	16.4
1.994	13.2
1.989	10.4
1.983	8.8
1.978	7.6
1.972	6.4
1.967	5.6
1.962	4.8
1.956	4.4
1.951	4.4
1.946	4.0
1.940	4.0
1.935	4.0
1.930	4.0
1.924	4.0
1.919	4.0
1.914	4.0
1.908	4.0
1.903	4.0
1.898	4.0
1.892	4.0
1.887	4.4
1.882	4.8
1.876	5.2
1.871	6.0
1.866	6.4
1.860	7.2
1.855	8.4
1.850	10.4
1.844	13.6
1.839	18.4
1.834	24.4
1.828	30.0
1.823	33.6
1.818	33.6
1.812	30.8
1.807	26.4
1.802	21.6
1.796	17.6
1.791	14.0
1.786	11.6
1.780	9.6
1.775	8.4
1.769	7.2
1.764	6.4
1.759	6.0
1.753	5.6
1.748	4.8
1.743	4.4
1.737	4.4
1.732	4.4
1.727	4.4
1.721	4.4
1.716	4.4
1.711	4.4
1.705	4.4
1.700	4.4
1.695	4.4
1.689	4.4
1.684	4.4
1.679	4.4
1.673	4.8
1.668	4.8
1.663	5.2
1.657	5.6
1.652	6.0
1.647	6.4
1.641	6.8
1.636	7.6
1.631	8.8
1.625	10.8
1.620	13.6
1.615	17.6
1.609	23.2
1.604	29.6
1.599	34.8
1.593	37.6
1.588	36.8
1.582	33.2
1.577	28.8
1.572	24.0
1.566	20.0
1.561	16.4
1.556	13.6
1.550	11.2
1.545	9.6
1.540	8.4
1.534	7.2
1.529	6.8
1.524	6.0
1.518	5.6
1.513	5.2
1.508	4.8
1.502	4.4
1.497	4.4
1.492	4.4
1.486	4.4
1.481	4.4
1.476	4.4
1.470	4.0
1.465	4.0
1.460	4.0
1.454	4.0
1.449	4.0
1.444	4.0
1.438	4.0
1.433	4.0
1.428	4.4
1.422	4.8
1.417	4.8
1.411	5.2
1.406	5.6
1.401	5.6
1.395	6.0
1.390	6.4
1.385	6.8
1.379	7.6
1.374	8.4
1.369	9.6
1.363	11.2
1.358	13.2
1.353	16.0
1.347	20.4
1.342	26.0
1.337	32.0
1.331	37.2
1.326	40.0
1.321	40.4
1.315	38.0
1.310	34.0
1.305	29.6
1.299	24.8
1.294	20.8
1.289	17.6
1.283	14.8
1.278	12.8
1.273	10.8
1.267	9.6
1.262	8.4
1.256	7.6
1.251	6.8
1.246	6.4
1.240	6.0
1.235	5.6
1.230	5.2
1.224	4.8
1.219	4.8
1.214	4.8
1.208	4.4
1.203	4.4
1.198	4.4
1.192	4.4
1.187	4.4
1.182	4.4
1.176	4.4
1.171	4.4
1.166	4.4
1.160	4.4
1.155	4.4
1.150	4.4
1.144	4.4
1.139	4.4
1.134	4.4
1.128	4.4
1.123	4.4
1.118	4.4
1.112	4.4
1.107	4.8
1.101	5.2
1.096	5.2
1.091	5.2
1.085	5.6
1.080	6.0
1.075	6.4
1.069	6.8
1.064	7.2
1.059	7.6
1.053	8.4
1.048	9.2
1.043	10.0
1.037	11.2
1.032	12.8
1.027	15.2
1.021	18.0
1.016	22.0
1.011	26.4
1.005	31.2
1.000	36.0
0.995	40.0
0.989	42.8
0.984	44.0
0.979	43.2
0.973	41.2
0.968	38.0
0.962	34.4
0.957	30.4
0.952	26.8
0.946	23.2
0.941	20.0
0.936	17.6
0.930	15.6
0.925	13.6
0.920	12.0
0.914	10.8
0.909	9.6
0.904	8.4
0.898	7.6
0.893	6.8
0.888	6.4
0.882	6.0
0.877	6.0
0.872	6.0
0.866	6.0
0.861	6.0
0.856	5.6
0.850	5.2
0.845	5.2
0.840	4.8
0.834	4.8
0.829	4.4
0.823	4.4
0.818	4.4
0.813	4.4
0.807	4.4
0.802	4.4
0.797	4.4
0.791	4.4
0.786	4.4
0.781	4.0
0.775	4.0
0.770	4.0
0.765	4.0
0.759	4.0
0.754	4.0
0.749	4.0
0.743	4.0
0.738	4.0
0.733	4.0
0.727	4.0
0.722	4.0
0.717	4.0
0.711	4.0
0.706	4.0
0.701	4.0
0.695	4.4
0.690	4.4
0.684	4.4
0.679	4.4
0.674	4.4
0.668	4.4
0.663	4.8
0.658	4.8
0.652	4.8
0.647	4.8
0.642	5.2
0.636	5.2
0.631	5.6
0.626	6.0
0.620	6.0
0.615	6.0
0.610	6.4
0.604	6.8
0.599	6.8
0.594	7.2
0.588	7.6
0.583	8.0
0.578	8.4
0.572	8.8
0.567	9.2
0.561	9.6
0.556	10.0
0.551	10.8
0.545	11.6
0.540	12.8
0.535	14.0
0.529	15.2
0.524	16.0
0.519	17.2
0.513	18.0
0.508	19.2
0.503	20.4
0.497	22.4
0.492	24.4
0.487	27.2
0.481	30.0
0.476	32.4
0.471	34.8
0.465	36.8
0.460	38.4
0.455	39.6
0.449	40.4
0.444	41.2
0.438	42.0
0.433	43.2
0.428	44.0
0.422	44.8
0.417	44.8
0.412	44.4
0.406	43.6
0.401	42.4
0.396	41.2
0.390	40.0
0.385	38.0
0.380	36.4
0.374	34.8
0.369	33.2
0.364	31.6
0.358	30.0
0.353	28.4
0.348	26.8
0.342	25.6
0.337	24.4
0.332	23.2
0.326	22.0
0.321	21.2
0.316	20.4
0.310	19.2
0.305	18.4
0.299	17.6
0.294	16.8
0.289	16.0
0.283	15.2
0.278	14.8
0.273	14.4
0.267	13.6
0.262	13.2
0.257	12.8
0.251	12.4
0.246	12.0
0.241	11.6
0.235	11.2
0.230	10.8
0.225	10.4
0.219	10.0
0.214	9.6
0.209	9.2
0.203	8.8
0.198	8.4
0.193	8.4
0.187	8.4
0.182	8.4
0.176	8.8
0.171	8.8
0.166	8.8
0.160	8.4
0.155	8.4
0.150	8.4
0.144	8.4
0.139	8.4
0.134	8.4
0.128	8.0
0.123	8.0
0.118	8.0
0.112	8.0
0.107	7.6
0.102	7.6
0.096	7.6
0.091	7.6
0.086	7.6
0.080	7.6
0.075	7.6
0.070	7.6
0.064	7.2
0.059	7.2
0.053	7.2
0.048	7.2
0.043	7.2
0.037	7.2
0.032	7.2
0.027	7.2
0.021	7.2
0.016	7.2
0.011	7.2
0.005	7.2
0.000	7.2
-0.005	7.2
-0.011	7.2
-0.016	7.2
-0.021	7.2
-0.027	7.2
-0.032	7.2
-0.037	7.2
-0.043	7.2
-0.048	7.2
-0.053	7.2
-0.059	7.2
-0.064	7.2
-0.070	7.2
-0.075	7.2
-0.080	7.2
-0.086	7.2
-0.091	7.2
-0.096	7.2
-0.102	7.2
-0.107	7.6
-0.112	7.6
-0.118	7.6
-0.123	8.0
-0.128	8.0
-0.134	8.0
-0.139	8.0
-0.144	8.0
-0.150	8.4
-0.155	8.4
-0.160	8.8
-0.166	8.8
-0.171	8.8
-0.176	9.2
-0.182	9.2
-0.187	9.6
-0.193	9.6
-0.198	10.0
-0.203	10.0
-0.209	10.4
-0.214	10.4
-0.219	10.8
-0.225	10.8
-0.230	11.2
-0.235	11.6
-0.241	12.0
-0.246	12.4
-0.251	12.4
-0.257	12.8
-0.262	13.2
-0.267	13.6
-0.273	14.0
-0.278	14.8
-0.283	15.6
-0.289	16.0
-0.294	16.4
-0.299	17.2
-0.305	18.0
-0.310	18.8
-0.316	19.6
-0.321	20.8
-0.326	22.0
-0.332	23.2
-0.337	24.4
-0.342	25.6
-0.348	26.8
-0.353	27.6
-0.358	28.8
-0.364	29.6
-0.369	30.8
-0.374	32.0
-0.380	33.2
-0.385	34.4
-0.390	35.6
-0.396	36.4
-0.401	37.6
-0.406	38.4
-0.412	39.2
-0.417	39.2
-0.422	39.6
-0.428	40.0
-0.433	40.4
-0.438	40.8
-0.444	40.8
-0.449	40.8
-0.455	40.8
-0.460	40.4
-0.465	40.0
-0.471	39.6
-0.476	38.8
-0.481	38.0
-0.487	36.8
-0.492	35.2
-0.497	34.4
-0.503	34.0
-0.508	33.2
-0.513	32.4
-0.519	31.2
-0.524	30.0
-0.529	28.4
-0.535	26.8
-0.540	24.8
-0.545	22.8
-0.551	21.2
-0.556	19.6
-0.561	18.0
-0.567	16.4
-0.572	14.8
-0.578	13.6
-0.583	12.4
-0.588	11.6
-0.594	10.8
-0.599	10.0
-0.604	9.2
-0.610	8.4
-0.615	8.0
-0.620	7.6
-0.626	7.2
-0.631	6.8
-0.636	6.8
-0.642	6.4
-0.647	6.4
-0.652	6.0
-0.658	6.0
-0.663	5.6
-0.668	5.6
-0.674	5.2
-0.679	5.2
-0.684	5.2
-0.690	5.2
-0.695	4.8
-0.701	4.8
-0.706	4.8
-0.711	4.4
-0.717	4.4
-0.722	4.4
-0.727	4.4
-0.733	4.4
-0.738	4.4
-0.743	4.4
-0.749	4.4
-0.754	4.4
-0.759	4.4
-0.765	4.4
-0.770	4.4
-0.775	4.4
-0.781	4.4
-0.786	4.4
-0.791	4.4
-0.797	4.4
-0.802	4.4
-0.807	4.4
-0.813	4.4
-0.818	4.8
-0.823	4.8
-0.829	4.8
-0.834	4.8
-0.840	5.2
-0.845	5.2
-0.850	5.2
-0.856	5.6
-0.861	6.0
-0.866	6.0
-0.872	6.4
-0.877	6.8
-0.882	7.2
-0.888	7.6
-0.893	8.4
-0.898	8.8
-0.904	9.6
-0.909	10.4
-0.914	11.6
-0.920	12.8
-0.925	14.4
-0.930	15.6
-0.936	17.2
-0.941	19.6
-0.946	21.6
-0.952	24.0
-0.957	26.4
-0.962	29.2
-0.968	31.2
-0.973	32.8
-0.979	34.4
-0.984	36.0
-0.989	37.2
-0.995	37.6
-1.000	37.6
-1.005	37.2
-1.011	36.4
-1.016	35.6
-1.021	34.4
-1.027	33.2
-1.032	31.6
-1.037	29.2
-1.043	26.8
-1.048	24.0
-1.053	20.8
-1.059	18.0
-1.064	15.2
-1.069	12.8
-1.075	10.8
-1.080	9.6
-1.085	8.4
-1.091	7.6
-1.096	6.8
-1.101	6.4
-1.107	6.0
-1.112	5.6
-1.118	5.2
-1.123	5.2
-1.128	4.8
-1.134	4.4
-1.139	4.4
-1.144	4.4
-1.150	4.4
-1.155	4.4
-1.160	4.4
-1.166	4.4
-1.171	4.4
-1.176	4.4
-1.182	4.4
-1.187	4.4
-1.192	4.4
-1.198	4.4
-1.203	4.4
-1.208	4.8
-1.214	4.8
-1.219	4.8
-1.224	5.2
-1.230	5.6
-1.235	6.0
-1.240	6.4
-1.246	6.8
-1.251	7.2
-1.256	8.0
-1.262	8.8
-1.267	9.6
-1.273	11.2
-1.278	12.8
-1.283	14.8
-1.289	17.2
-1.294	19.6
-1.299	22.4
-1.305	25.2
-1.310	28.0
-1.315	30.4
-1.321	32.4
-1.326	34.0
-1.331	34.8
-1.337	35.2
-1.342	34.8
-1.347	34.0
-1.353	33.2
-1.358	32.0
-1.363	30.0
-1.369	27.2
-1.374	23.6
-1.379	19.6
-1.385	16.0
-1.390	13.2
-1.395	10.8
-1.401	9.2
-1.406	8.0
-1.411	7.2
-1.417	6.4
-1.422	6.0
-1.428	5.6
-1.433	5.2
-1.438	4.8
-1.444	4.4
-1.449	4.4
-1.454	4.4
-1.460	4.4
-1.465	4.4
-1.470	4.4
-1.476	4.4
-1.481	4.4
-1.486	4.4
-1.492	4.4
-1.497	4.4
-1.502	4.8
-1.508	5.2
-1.513	5.6
-1.518	6.0
-1.524	6.4
-1.529	6.8
-1.534	7.6
-1.540	8.8
-1.545	10.0
-1.550	11.6
-1.556	13.6
-1.561	16.0
-1.566	18.8
-1.572	21.6
-1.577	24.4
-1.582	27.6
-1.588	30.4
-1.593	32.4
-1.599	34.0
-1.604	34.4
-1.609	34.0
-1.615	33.2
-1.620	32.0
-1.625	30.4
-1.631	27.2
-1.636	22.8
-1.641	18.4
-1.647	14.4
-1.652	11.6
-1.657	9.6
-1.663	8.0
-1.668	6.8
-1.673	6.0
-1.679	5.6
-1.684	5.2
-1.689	4.8
-1.695	4.8
-1.700	4.4
-1.705	4.4
-1.711	4.4
-1.716	4.4
-1.721	4.4
-1.727	4.4
-1.732	4.4
-1.737	4.8
-1.743	4.8
-1.748	5.2
-1.753	5.6
-1.759	6.0
-1.764	6.8
-1.769	7.6
-1.775	8.4
-1.780	10.0
-1.786	11.6
-1.791	14.0
-1.796	16.8
-1.802	20.0
-1.807	23.6
-1.812	27.2
-1.818	30.0
-1.823	32.4
-1.828	34.0
-1.834	34.8
-1.839	34.8
-1.844	33.6
-1.850	31.2
-1.855	27.2
-1.860	22.0
-1.866	17.2
-1.871	13.2
-1.876	10.4
-1.882	8.4
-1.887	7.2
-1.892	6.4
-1.898	5.6
-1.903	5.2
-1.908	4.8
-1.914	4.4
-1.919	4.4
-1.924	4.4
-1.930	4.4
-1.935	4.4
-1.940	4.4
-1.946	4.4
-1.951	4.8
-1.956	5.2
-1.962	5.6
-1.967	6.0
-1.972	6.8
-1.978	7.6
-1.983	8.8
-1.989	10.4
-1.994	12.4
-1.999	15.2
-2.005	18.8
-2.010	22.8
-2.015	26.4
-2.021	29.6
-2.026	32.4
-2.031	33.6
-2.037	33.6
-2.042	32.8
-2.047	30.8
-2.053	27.2
-2.058	22.0
-2.063	16.8
-2.069	12.8
-2.074	10.0
-2.079	8.0
-2.085	6.8
-2.090	6.0
-2.095	5.2
-2.101	4.8
-2.106	4.4
-2.111	4.4
-2.117	4.4
-2.122	4.4
-2.127	4.4
-2.133	4.4
-2.138	4.8
-2.143	5.2
-2.149	5.6
-2.154	6.0
-2.159	6.8
-2.165	7.6
-2.170	8.8
-2.175	10.4
-2.181	12.8
-2.186	16.0
-2.191	19.6
-2.197	23.6
-2.202	27.6
-2.207	30.8
-2.213	32.8
-2.218	34.0
-2.223	33.2
-2.229	30.0
-2.234	24.8
-2.240	19.2
-2.245	14.4
-2.250	11.2
-2.256	8.8
-2.261	7.2
-2.266	6.0
-2.272	5.2
-2.277	4.8
-2.282	4.4
-2.288	4.4
-2.293	4.4
-2.298	4.4
-2.304	4.4
-2.309	4.4
-2.314	4.8
-2.320	5.2
-2.325	5.6
-2.330	6.4
-2.336	7.2
-2.341	8.4
-2.346	10.0
-2.352	12.4
-2.357	15.6
-2.362	19.2
-2.368	23.2
-2.373	28.0
-2.378	32.0
-2.384	34.4
-2.389	34.8
-2.394	32.8
-2.400	27.6
-2.405	20.8
-2.410	15.2
-2.416	11.2
-2.421	8.8
-2.426	7.2
-2.432	6.0
-2.437	5.2
-2.442	4.8
-2.448	4.4
-2.453	4.4
-2.458	4.4
-2.464	4.4
-2.469	4.4
-2.474	4.8
-2.480	5.2
-2.485	5.6
-2.490	6.4
-2.496	7.2
-2.501	8.8
-2.506	10.8
-2.512	13.2
-2.517	16.4
-2.522	20.4
-2.528	24.8
-2.533	29.2
-2.538	32.4
-2.544	33.6
-2.549	32.0
-2.554	26.8
-2.560	20.4
-2.565	14.8
-2.570	10.8
-2.576	8.4
-2.581	6.8
-2.586	5.6
-2.592	4.8
-2.597	4.4
-2.602	4.4
-2.608	4.4
-2.613	4.4
-2.619	4.4
-2.624	4.4
-2.629	4.8
-2.635	5.2
-2.640	6.0
-2.645	7.2
-2.651	8.8
-2.656	11.2
-2.661	14.0
-2.667	17.2
-2.672	21.2
-2.677	25.2
-2.683	28.4
-2.688	30.8
-2.693	30.8
-2.699	27.6
-2.704	21.2
-2.709	15.6
-2.715	11.2
-2.720	8.4
-2.725	6.8
-2.731	5.6
-2.736	4.4
-2.741	4.4
-2.747	4.4
-2.752	4.4
-2.757	4.4
-2.763	4.4
-2.768	4.8
-2.773	5.2
-2.779	5.6
-2.784	6.8
-2.789	8.0
-2.795	10.0
-2.800	12.4
-2.805	15.6
-2.811	19.6
-2.816	24.0
-2.821	28.4
-2.827	31.6
-2.832	31.2
-2.837	26.8
-2.843	20.0
-2.848	14.4
-2.853	10.4
-2.859	8.0
-2.864	6.4
-2.869	5.2
-2.875	4.8
-2.880	4.4
-2.885	4.4
-2.891	4.4
-2.896	4.4
-2.901	4.4
-2.907	4.8
-2.912	5.6
-2.917	6.4
-2.923	8.0
-2.928	10.0
-2.933	12.4
-2.939	15.6
-2.944	19.6
-2.949	24.4
-2.955	29.2
-2.960	32.0
-2.965	30.8
-2.971	24.8
-2.976	18.0
-2.981	12.8
-2.987	9.2
-2.992	7.2
-2.997	5.6
-3.003	4.8
-3.008	4.4
-3.013	4.0
-3.019	4.0
-3.024	4.0
-3.029	4.0
-3.035	4.8
-3.040	5.6
-3.045	6.4
-3.051	7.6
-3.056	9.6
-3.061	12.0
-3.067	15.2
-3.072	19.2
-3.077	24.0
-3.083	28.4
-3.088	30.0
-3.093	26.8
-3.099	20.4
-3.104	14.4
-3.109	10.4
-3.115	7.6
-3.120	6.0
-3.125	5.2
-3.131	4.8
-3.136	4.4
-3.141	4.0
-3.147	4.0
-3.152	4.4
-3.157	4.8
-3.163	5.6
-3.168	6.4
-3.173	7.6
-3.179	9.6
-3.184	12.4
-3.189	15.6
-3.195	20.0
-3.200	24.8
-3.205	27.6
-3.211	27.2
-3.216	22.0
-3.221	15.6
-3.227	10.8
-3.232	8.0
-3.237	6.0
-3.243	5.2
-3.248	4.4
-3.253	4.0
-3.259	4.0
-3.264	4.0
-3.269	4.0
-3.275	4.0
-3.280	4.8
-3.285	5.6
-3.291	6.8
-3.296	8.4
-3.301	10.8
-3.306	14.4
-3.312	18.4
-3.317	22.8
-3.322	26.0
-3.328	25.6
-3.333	20.8
-3.338	15.2
-3.344	10.8
-3.349	8.0
-3.354	6.0
-3.360	4.8
-3.365	4.4
-3.370	4.0
-3.376	4.0
-3.381	4.0
-3.386	4.4
-3.392	4.8
-3.397	5.6
-3.402	6.8
-3.408	8.4
-3.413	11.2
-3.418	14.4
-3.424	18.4
-3.429	22.0
-3.434	24.4
-3.440	24.0
-3.445	19.2
-3.450	13.6
-3.456	9.6
-3.461	6.8
-3.466	5.2
-3.472	4.4
-3.477	4.0
-3.482	3.6
-3.488	3.6
-3.493	3.6
-3.498	4.0
-3.504	4.8
-3.509	6.0
-3.514	7.6
-3.520	9.6
-3.525	12.4
-3.530	16.0
-3.536	19.2
-3.541	22.0
-3.546	22.8
-3.552	20.0
-3.557	15.2
-3.562	10.8
-3.568	7.6
-3.573	5.6
-3.578	4.8
-3.584	4.0
-3.589	4.0
-3.594	4.0
-3.600	4.0
-3.605	4.0
-3.610	4.8
-3.616	5.6
-3.621	7.2
-3.626	9.6
-3.632	12.4
-3.637	16.0
-3.642	19.2
-3.647	21.2
-3.653	21.2
-3.658	17.6
-3.663	12.8
-3.669	9.2
-3.674	6.8
-3.679	5.2
-3.685	4.4
-3.690	4.0
-3.695	3.6
-3.701	3.6
-3.706	3.6
-3.711	4.0
-3.717	4.8
-3.722	6.4
-3.727	8.4
-3.733	11.2
-3.738	14.4
-3.743	17.6
-3.749	19.6
-3.754	19.6
-3.759	16.8
-3.765	12.4
-3.770	8.8
-3.775	6.4
-3.781	4.8
-3.786	4.0
-3.791	3.6
-3.797	3.2
-3.802	3.2
-3.807	3.6
-3.813	4.0
-3.818	4.8
-3.823	6.0
-3.829	8.0
-3.834	10.8
-3.839	14.0
-3.844	16.8
-3.850	18.0
-3.855	17.2
-3.860	14.0
-3.866	10.0
-3.871	7.2
-3.876	5.6
-3.882	4.4
-3.887	3.6
-3.892	3.2
-3.898	3.2
-3.903	3.2
-3.908	3.6
-3.914	4.0
-3.919	4.8
-3.924	6.4
-3.930	8.4
-3.935	11.2
-3.940	14.0
-3.946	15.6
-3.951	15.6
-3.956	12.8
-3.962	9.6
-3.967	6.8
-3.972	4.8
-3.978	4.0
-3.983	3.2
-3.988	2.8
-3.994	2.8
-3.999	2.8
-4.004	3.2
-4.009	3.6
-4.015	4.8
-4.020	6.4
-4.025	8.4
-4.031	11.2
-4.036	13.6
-4.041	14.4
-4.047	13.2
-4.052	10.4
-4.057	7.6
-4.063	5.6
-4.068	4.4
-4.073	3.6
-4.079	3.2
-4.084	2.8
-4.089	2.8
-4.095	2.8
-4.100	3.2
-4.105	3.6
-4.111	4.8
-4.116	6.4
-4.121	8.4
-4.127	11.2
-4.132	12.8
-4.137	12.4
-4.143	10.0
-4.148	7.2
-4.153	5.2
-4.158	4.4
-4.164	3.6
-4.169	3.2
-4.174	2.8
-4.180	2.8
-4.185	2.8
-4.190	2.8
-4.196	3.2
-4.201	4.4
-4.206	5.6
-4.212	7.6
-4.217	9.6
-4.222	10.8
-4.228	10.4
-4.233	8.4
-4.238	6.0
-4.244	4.4
-4.249	3.6
-4.254	2.8
-4.260	2.4
-4.265	2.4
-4.270	2.0
-4.275	2.0
-4.281	2.4
-4.286	3.2
-4.291	4.0
-4.297	5.2
-4.302	7.2
-4.307	8.8
-4.313	9.2
-4.318	8.0
-4.323	6.0
-4.329	4.4
-4.334	3.2
-4.339	2.4
-4.345	2.0
-4.350	2.0
-4.355	2.0
-4.361	2.0
-4.366	2.4
-4.371	2.8
-4.377	3.2
-4.382	4.4
-4.387	6.0
-4.392	7.6
-4.398	8.0
-4.403	7.2
-4.408	5.6
-4.414	4.0
-4.419	2.8
-4.424	2.4
-4.430	2.0
-4.435	1.6
-4.440	1.6
-4.446	1.6
-4.451	1.6
-4.456	2.0
-4.462	2.8
-4.467	3.6
-4.472	4.8
-4.478	6.0
-4.483	6.4
-4.488	5.6
-4.493	4.4
-4.499	3.2
-4.504	2.4
-4.509	2.0
-4.515	1.6
-4.520	1.6
-4.525	1.6
-4.531	1.6
-4.536	1.6
-4.541	2.0
-4.547	2.4
-4.552	3.2
-4.557	4.0
-4.563	4.8
-4.568	4.8
-4.573	4.0
-4.578	2.8
-4.584	2.0
-4.589	1.6
-4.594	1.2
-4.600	1.2
-4.605	1.2
-4.610	1.2
-4.616	1.2
-4.621	1.6
-4.626	1.6
-4.632	2.0
-4.637	2.8
-4.642	3.2
-4.648	3.6
-4.653	3.2
-4.658	2.4
-4.663	2.0
-4.669	1.6
-4.674	1.2
-4.679	1.2
-4.685	1.2
-4.690	1.2
-4.695	1.2
-4.701	1.2
-4.706	1.2
-4.711	1.6
-4.717	2.0
-4.722	2.4
-4.727	2.4
-4.733	2.0
-4.738	1.6
-4.743	1.2
-4.748	1.2
-4.754	1.2
-4.759	1.2
-4.764	1.2
-4.770	0.8
-4.775	0.8
-4.780	0.8
-4.786	0.8
-4.791	1.2
-4.796	1.6
-4.802	1.6
-4.807	1.6
-4.812	1.2
-4.818	1.2
-4.823	1.2
-4.828	0.8
-4.833	0.8
-4.839	0.8
-4.844	0.8
-4.849	0.8
-4.855	0.8
-4.860	0.8
-4.865	0.8
-4.871	0.8
-4.876	0.8
-4.881	0.8
-4.887	0.8
-4.892	0.8
-4.897	0.8
-4.902	0.8
-4.908	0.8
-4.913	0.8
-4.918	0.8
-4.924	0.8
-4.929	0.8
-4.934	0.8
-4.940	0.8
-4.945	0.8
-4.950	0.8
-4.956	0.8
-4.961	0.8
-4.966	0.8
-4.971	0.8
-4.977	0.8
-4.982	0.4
-4.987	0.4
-4.993	0.4
-4.998	0.4
-5.003	0.4
-5.009	0.4
-5.014	0.4
-5.019	0.4
-5.025	0.4
-5.030	0.4
-5.035	0.4
-5.040	0.4
-5.046	0.4
-5.051	0.4
-5.056	0.4
-5.062	0.4
-5.067	0.4
-5.072	0.4
-5.078	0.4
-5.083	0.4
-5.088	0.4
-5.094	0.4
-5.099	0.4
-5.104	0.4
-5.109	0.4
-5.115	0.4
-5.120	0.4
-5.125	0.4
-5.131	0.4
-5.136	0.4
-5.141	0.4
-5.147	0.4
-5.152	0.4
-5.157	0.4
-5.162	0.4
-5.168	0.4
-5.173	0.4
-5.178	0.4
-5.184	0.4
-5.189	0.4
-5.194	0.4
-5.200	0.4
-5.205	0.4
-5.210	0.4
-5.216	0.4
-5.221	0.4
-5.226	0.4
-5.231	0.4
-5.237	0.4
-5.242	0.4
-5.247	0.4
-5.253	0.4
-5.258	0.4
-5.263	0.4
-5.269	0.4
-5.274	0.4
-5.279	0.4
-5.284	0.4
-5.290	0.4
-5.295	0.4
-5.300	0.4
-5.306	0.4
-5.311	0.4
-5.316	0.4
-5.322	0.4
-5.327	0.4
-5.332	0.4
-5.337	0.4
-5.343	0.4
-5.348	0.4
-5.353	0.4
-5.359	0.4
-5.364	0.4
-5.369	0.4
-5.375	0.4
-5.380	0.4
-5.385	0.4
-5.390	0.4
-5.396	0.4
-5.401	0.4
-5.406	0.4
-5.412	0.4
-5.417	0.4
-5.422	0.4
-5.428	0.4
-5.433	0.4
-5.438	0.4
-5.443	0.4
-5.449	0.4
-5.454	0.4
