&a / °	I1 / %
5.459	0.0
5.454	0.0
5.449	0.0
5.443	0.0
5.438	0.0
5.433	0.0
5.428	0.0
5.422	0.0
5.417	0.0
5.412	0.0
5.406	0.0
5.401	0.0
5.396	0.0
5.390	0.0
5.385	0.0
5.380	0.0
5.375	0.0
5.369	0.0
5.364	0.0
5.359	0.0
5.353	0.0
5.348	0.0
5.343	0.0
5.337	0.0
5.332	0.0
5.327	0.0
5.322	0.0
5.316	0.0
5.311	0.0
5.306	0.0
5.300	0.0
5.295	0.0
5.290	0.0
5.284	0.0
5.279	0.0
5.274	0.0
5.269	0.0
5.263	0.0
5.258	0.0
5.253	0.0
5.247	0.0
5.242	0.0
5.237	0.0
5.231	0.0
5.226	0.0
5.221	0.0
5.216	0.0
5.210	0.0
5.205	0.0
5.200	0.0
5.194	0.0
5.189	0.0
5.184	0.0
5.178	0.0
5.173	0.0
5.168	0.0
5.162	0.0
5.157	0.0
5.152	0.0
5.147	0.0
5.141	0.0
5.136	0.0
5.131	0.0
5.125	0.0
5.120	0.0
5.115	0.0
5.109	0.0
5.104	0.0
5.099	0.0
5.094	0.0
5.088	0.0
5.083	0.0
5.078	0.0
5.072	0.0
5.067	0.0
5.062	0.0
5.056	0.0
5.051	0.0
5.046	0.0
5.040	0.0
5.035	0.0
5.030	0.0
5.025	0.0
5.019	0.0
5.014	0.0
5.009	0.0
5.003	0.0
4.998	0.0
4.993	0.0
4.987	0.0
4.982	0.0
4.977	0.0
4.971	0.0
4.966	0.0
4.961	0.0
4.956	0.0
4.950	0.0
4.945	0.0
4.940	0.0
4.934	0.0
4.929	0.0
4.924	0.0
4.918	0.0
4.913	0.0
4.908	0.0
4.902	0.0
4.897	0.0
4.892	0.0
4.887	0.0
4.881	0.0
4.876	0.0
4.871	0.0
4.865	0.0
4.860	0.0
4.855	0.0
4.849	0.0
4.844	0.0
4.839	0.0
4.833	0.0
4.828	0.0
4.823	0.0
4.818	0.0
4.812	0.0
4.807	0.0
4.802	0.0
4.796	0.0
4.791	0.0
4.786	0.0
4.780	0.0
4.775	0.0
4.770	0.0
4.764	0.0
4.759	0.0
4.754	0.0
4.748	0.0
4.743	0.0
4.738	0.0
4.733	0.0
4.727	0.0
4.722	0.0
4.717	0.0
4.711	0.0
4.706	0.0
4.701	0.0
4.695	0.0
4.690	0.0
4.685	0.0
4.679	0.0
4.674	0.0
4.669	0.0
4.663	0.0
4.658	0.4
4.653	0.4
4.648	0.4
4.642	0.4
4.637	0.4
4.632	0.4
4.626	0.4
4.621	0.4
4.616	0.4
4.610	0.4
4.605	0.4
4.600	0.4
4.594	0.4
4.589	0.4
4.584	0.4
4.578	0.4
4.573	0.4
4.568	0.4
4.563	0.4
4.557	0.4
4.552	0.4
4.547	0.4
4.541	0.4
4.536	0.4
4.531	0.4
4.525	0.4
4.520	0.4
4.515	0.4
4.509	0.4
4.504	0.4
4.499	0.4
4.493	0.4
4.488	0.4
4.483	0.4
4.478	0.4
4.472	0.4
4.467	0.4
4.462	0.4
4.456	0.4
4.451	0.4
4.446	0.4
4.440	0.4
4.435	0.4
4.430	0.4
4.424	0.4
4.419	0.8
4.414	0.8
4.408	0.8
4.403	0.8
4.398	0.8
4.392	0.8
4.387	0.8
4.382	0.8
4.377	0.8
4.371	0.8
4.366	0.8
4.361	0.8
4.355	0.8
4.350	0.8
4.345	0.8
4.339	0.8
4.334	0.8
4.329	0.8
4.323	0.8
4.318	0.8
4.313	0.8
4.307	0.8
4.302	0.8
4.297	0.8
4.291	0.8
4.286	0.8
4.281	0.8
4.275	0.8
4.270	0.8
4.265	0.8
4.260	0.8
4.254	0.8
4.249	1.2
4.244	1.2
4.238	1.2
4.233	1.2
4.228	1.2
4.222	1.2
4.217	1.2
4.212	1.2
4.206	1.2
4.201	1.2
4.196	1.2
4.190	1.2
4.185	1.2
4.180	1.2
4.174	1.2
4.169	1.2
4.164	1.2
4.158	1.2
4.153	1.6
4.148	1.6
4.143	1.6
4.137	1.6
4.132	1.6
4.127	1.6
4.121	1.6
4.116	1.6
4.111	1.2
4.105	1.2
4.100	1.2
4.095	1.2
4.089	1.2
4.084	1.2
4.079	1.2
4.073	1.6
4.068	1.6
4.063	2.0
4.057	2.4
4.052	2.8
4.047	2.8
4.041	2.8
4.036	2.8
4.031	2.4
4.025	2.0
4.020	2.0
4.015	2.0
4.009	1.6
4.004	1.6
3.999	1.6
3.994	1.6
3.988	1.6
3.983	1.6
3.978	1.6
3.972	2.0
3.967	2.4
3.962	2.8
3.956	3.2
3.951	3.6
3.946	4.0
3.940	4.0
3.935	3.6
3.930	3.2
3.924	2.8
3.919	2.4
3.914	2.0
3.908	2.0
3.903	2.0
3.898	2.0
3.892	2.0
3.887	2.4
3.882	2.4
3.876	2.8
3.871	3.2
3.866	3.6
3.860	4.4
3.855	5.2
3.850	5.6
3.844	6.0
3.839	5.6
3.834	4.8
3.829	4.4
3.823	3.6
3.818	3.2
3.813	2.8
3.807	2.8
3.802	2.8
3.797	2.8
3.791	2.8
3.786	2.8
3.781	3.2
3.775	3.6
3.770	4.4
3.765	5.2
3.759	6.4
3.754	7.2
3.749	8.0
3.743	8.8
3.738	8.8
3.733	8.0
3.727	6.8
3.722	5.6
3.717	4.8
3.711	4.0
3.706	3.6
3.701	3.2
3.695	3.2
3.690	3.2
3.685	3.2
3.679	3.6
3.674	4.0
3.669	4.8
3.663	6.0
3.658	7.6
3.653	9.2
3.647	10.8
3.642	12.0
3.637	12.0
3.632	11.2
3.626	10.0
3.621	8.4
3.616	6.8
3.610	5.6
3.605	4.8
3.600	4.4
3.594	4.0
3.589	4.0
3.584	4.0
3.578	4.0
3.573	4.0
3.568	4.8
3.562	6.0
3.557	7.2
3.552	9.2
3.546	11.2
3.541	13.2
3.536	14.8
3.530	15.2
3.525	14.4
3.520	12.4
3.514	10.4
3.509	8.8
3.504	7.2
3.498	6.0
3.493	5.2
3.488	4.8
3.482	4.4
3.477	4.4
3.472	4.4
3.466	4.8
3.461	5.6
3.456	6.4
3.450	8.0
3.445	9.6
3.440	12.0
3.434	14.4
3.429	16.4
3.424	17.6
3.418	17.6
3.413	16.4
3.408	14.4
3.402	12.0
3.397	10.0
3.392	8.4
3.386	6.8
3.381	6.0
3.376	5.2
3.370	4.8
3.365	4.8
3.360	5.2
3.354	5.6
3.349	6.4
3.344	7.6
3.338	9.2
3.333	11.2
3.328	14.0
3.322	16.4
3.317	18.4
3.312	19.2
3.306	19.2
3.301	18.0
3.296	16.0
3.291	13.6
3.285	11.2
3.280	9.2
3.275	7.6
3.269	6.4
3.264	5.6
3.259	4.8
3.253	4.8
3.248	4.8
3.243	5.2
3.237	5.6
3.232	6.4
3.227	8.0
3.221	10.4
3.216	13.2
3.211	16.4
3.205	19.2
3.200	21.2
3.195	22.0
3.189	21.2
3.184	19.6
3.179	17.2
3.173	14.4
3.168	12.0
3.163	10.0
3.157	8.4
3.152	7.2
3.147	6.4
3.141	6.0
3.136	6.0
3.131	6.0
3.125	6.0
3.120	6.4
3.115	7.2
3.109	8.4
3.104	10.4
3.099	13.2
3.093	16.4
3.088	20.0
3.083	22.8
3.077	24.4
3.072	24.4
3.067	23.2
3.061	20.8
3.056	17.6
3.051	14.8
3.045	12.4
3.040	10.4
3.035	8.8
3.029	7.6
3.024	6.8
3.019	6.4
3.013	6.0
3.008	6.0
3.003	6.0
2.997	6.4
2.992	7.2
2.987	8.4
2.981	10.0
2.976	12.8
2.971	16.0
2.965	19.6
2.960	23.2
2.955	25.6
2.949	26.4
2.944	25.6
2.939	23.6
2.933	20.8
2.928	17.6
2.923	14.4
2.917	12.0
2.912	10.0
2.907	8.4
2.901	7.6
2.896	6.8
2.891	6.4
2.885	6.0
2.880	6.0
2.875	6.0
2.869	6.4
2.864	6.8
2.859	7.6
2.853	9.2
2.848	11.2
2.843	14.4
2.837	18.4
2.832	22.4
2.827	26.0
2.821	28.4
2.816	28.8
2.811	27.6
2.805	24.8
2.800	21.2
2.795	17.6
2.789	14.4
2.784	12.0
2.779	10.0
2.773	8.4
2.768	7.2
2.763	6.4
2.757	6.0
2.752	6.0
2.747	6.0
2.741	6.0
2.736	6.4
2.731	6.8
2.725	7.2
2.720	8.4
2.715	9.6
2.709	12.0
2.704	15.2
2.699	19.2
2.693	23.2
2.688	27.2
2.683	29.6
2.677	30.0
2.672	29.2
2.667	26.8
2.661	23.2
2.656	19.6
2.651	16.0
2.645	13.2
2.640	11.2
2.635	9.6
2.629	8.4
2.624	7.6
2.619	6.8
2.613	6.4
2.608	6.0
2.602	6.0
2.597	6.0
2.592	6.4
2.586	6.8
2.581	7.2
2.576	8.0
2.570	9.2
2.565	11.6
2.560	14.8
2.554	18.8
2.549	23.2
2.544	27.2
2.538	30.8
2.533	32.4
2.528	32.8
2.522	30.8
2.517	27.6
2.512	23.6
2.506	19.6
2.501	16.0
2.496	13.2
2.490	10.8
2.485	9.2
2.480	8.0
2.474	7.2
2.469	6.8
2.464	6.4
2.458	6.0
2.453	6.0
2.448	6.0
2.442	6.0
2.437	6.4
2.432	6.8
2.426	7.2
2.421	8.4
2.416	9.6
2.410	12.0
2.405	15.2
2.400	19.2
2.394	23.6
2.389	28.0
2.384	31.6
2.378	34.0
2.373	34.8
2.368	33.6
2.362	30.8
2.357	27.2
2.352	23.2
2.346	18.8
2.341	15.6
2.336	12.8
2.330	10.8
2.325	9.6
2.320	8.4
2.314	7.6
2.309	6.8
2.304	6.4
2.298	6.4
2.293	6.4
2.288	6.4
2.282	6.4
2.277	6.4
2.272	6.8
2.266	7.2
2.261	7.6
2.256	8.4
2.250	9.6
2.245	11.6
2.240	14.8
2.234	18.8
2.229	23.2
2.223	27.2
2.218	31.2
2.213	34.4
2.207	36.0
2.202	36.0
2.197	34.4
2.191	31.6
2.186	27.6
2.181	23.2
2.175	19.2
2.170	15.6
2.165	12.8
2.159	10.8
2.154	9.2
2.149	8.4
2.143	7.6
2.138	7.2
2.133	6.8
2.127	6.4
2.122	6.4
2.117	6.4
2.111	6.4
2.106	6.4
2.101	6.4
2.095	6.8
2.090	7.2
2.085	7.6
2.079	8.4
2.074	9.2
2.069	10.8
2.063	12.8
2.058	15.6
2.053	19.6
2.047	24.0
2.042	28.4
2.037	32.4
2.031	35.6
2.026	37.6
2.021	38.0
2.015	37.2
2.010	35.2
2.005	31.6
1.999	27.6
1.994	23.2
1.989	19.2
1.983	16.0
1.978	13.2
1.972	11.2
1.967	9.6
1.962	8.8
1.956	8.0
1.951	7.2
1.946	6.8
1.940	6.4
1.935	6.4
1.930	6.4
1.924	6.4
1.919	6.4
1.914	6.4
1.908	6.8
1.903	6.8
1.898	7.2
1.892	7.2
1.887	8.0
1.882	8.4
1.876	9.6
1.871	10.8
1.866	12.8
1.860	15.2
1.855	18.8
1.850	22.8
1.844	26.8
1.839	31.2
1.834	34.8
1.828	37.6
1.823	38.8
1.818	39.2
1.812	38.4
1.807	36.8
1.802	33.6
1.796	30.0
1.791	26.0
1.786	22.0
1.780	18.4
1.775	15.2
1.769	13.2
1.764	11.6
1.759	10.4
1.753	9.2
1.748	8.4
1.743	8.0
1.737	7.6
1.732	7.2
1.727	6.8
1.721	6.8
1.716	6.8
1.711	6.8
1.705	6.8
1.700	6.8
1.695	6.8
1.689	6.8
1.684	7.2
1.679	7.2
1.673	7.6
1.668	8.0
1.663	8.8
1.657	9.6
1.652	10.4
1.647	12.0
1.641	14.0
1.636	16.8
1.631	20.4
1.625	24.4
1.620	28.4
1.615	32.0
1.609	35.6
1.604	38.8
1.599	41.2
1.593	42.4
1.588	42.4
1.582	41.2
1.577	39.6
1.572	37.2
1.566	33.6
1.561	29.6
1.556	25.2
1.550	21.6
1.545	18.4
1.540	15.6
1.534	13.6
1.529	12.0
1.524	10.8
1.518	10.0
1.513	9.2
1.508	8.4
1.502	8.0
1.497	7.6
1.492	7.2
1.486	6.8
1.481	6.8
1.476	6.8
1.470	6.8
1.465	6.4
1.460	6.4
1.454	6.8
1.449	6.8
1.444	6.8
1.438	7.2
1.433	7.2
1.428	7.6
1.422	8.0
1.417	8.4
1.411	8.8
1.406	9.6
1.401	10.0
1.395	10.8
1.390	12.0
1.385	13.6
1.379	16.0
1.374	18.8
1.369	22.0
1.363	25.6
1.358	28.4
1.353	31.6
1.347	34.4
1.342	37.6
1.337	40.8
1.331	43.2
1.326	44.8
1.321	45.2
1.315	44.4
1.310	42.8
1.305	40.8
1.299	38.4
1.294	35.6
1.289	32.0
1.283	28.4
1.278	24.8
1.273	21.6
1.267	18.8
1.262	16.4
1.256	14.4
1.251	12.8
1.246	11.6
1.240	10.4
1.235	9.6
1.230	9.2
1.224	8.8
1.219	8.4
1.214	8.0
1.208	7.6
1.203	7.6
1.198	7.2
1.192	7.2
1.187	7.2
1.182	7.2
1.176	6.8
1.171	6.8
1.166	6.8
1.160	6.8
1.155	6.8
1.150	6.8
1.144	6.8
1.139	6.8
1.134	7.2
1.128	7.2
1.123	7.2
1.118	7.6
1.112	7.6
1.107	8.0
1.101	8.4
1.096	8.8
1.091	9.2
1.085	10.0
1.080	10.8
1.075	11.6
1.069	12.8
1.064	14.4
1.059	16.0
1.053	18.0
1.048	20.4
1.043	22.8
1.037	25.6
1.032	28.8
1.027	32.0
1.021	35.2
1.016	38.0
1.011	40.4
1.005	43.2
1.000	45.2
0.995	46.8
0.989	48.0
0.984	48.4
0.979	48.0
0.973	47.2
0.968	46.4
0.962	45.2
0.957	43.6
0.952	41.6
0.946	39.2
0.941	36.4
0.936	34.0
0.930	31.2
0.925	28.4
0.920	25.6
0.914	22.8
0.909	20.0
0.904	17.6
0.898	15.6
0.893	14.0
0.888	12.8
0.882	12.0
0.877	11.2
0.872	10.8
0.866	10.4
0.861	10.0
0.856	9.6
0.850	9.2
0.845	8.8
0.840	8.4
0.834	8.0
0.829	8.0
0.823	8.0
0.818	7.6
0.813	7.6
0.807	7.2
0.802	7.2
0.797	6.8
0.791	6.8
0.786	6.8
0.781	6.8
0.775	6.8
0.770	6.8
0.765	6.8
0.759	6.8
0.754	6.8
0.749	6.8
0.743	6.8
0.738	6.8
0.733	6.8
0.727	6.8
0.722	6.8
0.717	6.8
0.711	6.8
0.706	6.8
0.701	7.2
0.695	7.2
0.690	7.2
0.684	7.2
0.679	7.6
0.674	7.6
0.668	8.0
0.663	8.4
0.658	8.8
0.652	8.8
0.647	9.2
0.642	9.2
0.636	9.6
0.631	10.0
0.626	10.4
0.620	10.8
0.615	11.6
0.610	12.0
0.604	12.8
0.599	13.6
0.594	14.4
0.588	15.6
0.583	16.4
0.578	17.6
0.572	18.8
0.567	20.4
0.561	22.0
0.556	23.6
0.551	25.2
0.545	27.2
0.540	29.2
0.535	30.8
0.529	32.8
0.524	34.4
0.519	35.2
0.513	35.2
0.508	35.2
0.503	35.2
0.497	36.0
0.492	37.2
0.487	39.2
0.481	41.6
0.476	43.6
0.471	45.2
0.465	46.0
0.460	46.8
0.455	47.2
0.449	47.6
0.444	47.6
0.438	48.0
0.433	48.8
0.428	50.0
0.422	50.8
0.417	51.2
0.412	51.2
0.406	51.2
0.401	50.8
0.396	50.4
0.390	49.6
0.385	48.8
0.380	48.0
0.374	47.2
0.369	46.4
0.364	45.2
0.358	44.0
0.353	42.8
0.348	42.0
0.342	41.2
0.337	40.8
0.332	40.0
0.326	39.2
0.321	38.4
0.316	37.6
0.310	36.8
0.305	36.0
0.299	34.8
0.294	33.6
0.289	32.4
0.283	31.6
0.278	30.4
0.273	29.6
0.267	28.8
0.262	28.0
0.257	27.2
0.251	26.4
0.246	25.6
0.241	24.8
0.235	24.0
0.230	23.2
0.225	22.4
0.219	21.6
0.214	20.4
0.209	19.2
0.203	18.0
0.198	17.6
0.193	17.2
0.187	17.2
0.182	17.6
0.176	18.0
0.171	18.0
0.166	18.0
0.160	17.6
0.155	17.2
0.150	16.8
0.144	16.4
0.139	16.4
0.134	16.0
0.128	16.0
0.123	15.6
0.118	15.6
0.112	15.2
0.107	14.8
0.102	14.8
0.096	14.8
0.091	14.8
0.086	14.8
0.080	14.4
0.075	14.4
0.070	14.4
0.064	14.0
0.059	14.0
0.053	14.0
0.048	14.0
0.043	13.6
0.037	13.6
0.032	13.6
0.027	13.6
0.021	13.6
0.016	13.6
0.011	13.6
0.005	13.6
0.000	13.6
-0.005	13.6
-0.011	13.6
-0.016	13.6
-0.021	13.6
-0.027	13.6
-0.032	13.6
-0.037	13.6
-0.043	14.0
-0.048	14.0
-0.053	14.0
-0.059	14.0
-0.064	14.0
-0.070	14.0
-0.075	14.0
-0.080	14.4
-0.086	14.4
-0.091	14.4
-0.096	14.8
-0.102	14.8
-0.107	15.2
-0.112	15.2
-0.118	15.2
-0.123	15.6
-0.128	16.0
-0.134	16.4
-0.139	16.4
-0.144	16.8
-0.150	16.8
-0.155	16.8
-0.160	17.2
-0.166	17.6
-0.171	18.0
-0.176	18.4
-0.182	18.8
-0.187	19.2
-0.193	19.6
-0.198	20.0
-0.203	20.4
-0.209	21.2
-0.214	21.6
-0.219	22.0
-0.225	22.4
-0.230	22.8
-0.235	23.6
-0.241	24.0
-0.246	24.4
-0.251	24.8
-0.257	25.6
-0.262	26.4
-0.267	27.2
-0.273	28.0
-0.278	28.8
-0.283	29.6
-0.289	30.4
-0.294	31.2
-0.299	32.0
-0.305	32.8
-0.310	34.0
-0.316	35.2
-0.321	36.4
-0.326	37.6
-0.332	38.4
-0.337	39.6
-0.342	40.4
-0.348	41.6
-0.353	42.4
-0.358	43.2
-0.364	44.0
-0.369	44.8
-0.374	45.6
-0.380	46.8
-0.385	47.6
-0.390	48.4
-0.396	49.2
-0.401	50.0
-0.406	50.8
-0.412	51.2
-0.417	51.6
-0.422	52.0
-0.428	52.4
-0.433	53.2
-0.438	53.6
-0.444	53.6
-0.449	53.6
-0.455	53.6
-0.460	53.2
-0.465	52.8
-0.471	52.0
-0.476	51.6
-0.481	50.8
-0.487	49.2
-0.492	47.6
-0.497	46.4
-0.503	45.6
-0.508	45.2
-0.513	44.4
-0.519	43.6
-0.524	42.4
-0.529	40.8
-0.535	39.2
-0.540	37.6
-0.545	36.0
-0.551	34.4
-0.556	32.4
-0.561	30.8
-0.567	29.2
-0.572	27.6
-0.578	26.0
-0.583	24.8
-0.588	23.2
-0.594	22.0
-0.599	20.8
-0.604	19.6
-0.610	18.0
-0.615	16.8
-0.620	15.6
-0.626	14.8
-0.631	14.0
-0.636	13.2
-0.642	12.4
-0.647	11.6
-0.652	11.2
-0.658	10.8
-0.663	10.4
-0.668	10.0
-0.674	9.6
-0.679	9.2
-0.684	8.8
-0.690	8.4
-0.695	8.0
-0.701	8.0
-0.706	7.6
-0.711	7.6
-0.717	7.6
-0.722	7.6
-0.727	7.2
-0.733	7.2
-0.738	7.2
-0.743	7.2
-0.749	7.2
-0.754	7.2
-0.759	7.2
-0.765	7.2
-0.770	7.2
-0.775	7.2
-0.781	7.2
-0.786	7.2
-0.791	7.2
-0.797	7.2
-0.802	7.2
-0.807	7.2
-0.813	7.6
-0.818	8.0
-0.823	8.0
-0.829	8.4
-0.834	8.8
-0.840	9.2
-0.845	9.2
-0.850	9.6
-0.856	10.0
-0.861	10.4
-0.866	10.8
-0.872	11.6
-0.877	12.4
-0.882	13.2
-0.888	14.4
-0.893	15.6
-0.898	16.8
-0.904	18.4
-0.909	20.0
-0.914	21.6
-0.920	23.6
-0.925	25.6
-0.930	27.6
-0.936	29.6
-0.941	32.0
-0.946	34.4
-0.952	37.2
-0.957	40.0
-0.962	42.4
-0.968	44.4
-0.973	46.0
-0.979	48.0
-0.984	49.6
-0.989	51.2
-0.995	51.6
-1.000	52.0
-1.005	51.6
-1.011	50.8
-1.016	49.6
-1.021	48.0
-1.027	45.6
-1.032	43.6
-1.037	41.2
-1.043	38.4
-1.048	35.6
-1.053	32.8
-1.059	29.6
-1.064	26.8
-1.069	24.0
-1.075	21.6
-1.080	19.2
-1.085	17.2
-1.091	15.2
-1.096	13.6
-1.101	12.0
-1.107	11.2
-1.112	10.4
-1.118	9.6
-1.123	8.8
-1.128	8.4
-1.134	8.0
-1.139	7.6
-1.144	7.2
-1.150	6.8
-1.155	6.8
-1.160	6.8
-1.166	6.8
-1.171	6.8
-1.176	6.8
-1.182	7.2
-1.187	7.2
-1.192	7.6
-1.198	7.6
-1.203	7.6
-1.208	8.0
-1.214	8.4
-1.219	8.8
-1.224	9.2
-1.230	9.6
-1.235	10.4
-1.240	11.2
-1.246	12.4
-1.251	13.6
-1.256	15.2
-1.262	16.8
-1.267	18.8
-1.273	21.2
-1.278	23.6
-1.283	26.0
-1.289	29.2
-1.294	32.4
-1.299	35.6
-1.305	38.4
-1.310	41.2
-1.315	44.0
-1.321	46.4
-1.326	47.6
-1.331	48.8
-1.337	49.2
-1.342	48.8
-1.347	47.6
-1.353	46.0
-1.358	44.0
-1.363	41.2
-1.369	38.0
-1.374	34.8
-1.379	30.8
-1.385	27.2
-1.390	24.0
-1.395	21.2
-1.401	18.4
-1.406	16.0
-1.411	14.0
-1.417	12.4
-1.422	10.8
-1.428	9.6
-1.433	8.8
-1.438	8.4
-1.444	8.0
-1.449	7.6
-1.454	7.6
-1.460	7.6
-1.465	7.6
-1.470	7.6
-1.476	7.6
-1.481	7.6
-1.486	7.6
-1.492	8.0
-1.497	8.0
-1.502	8.4
-1.508	8.8
-1.513	9.6
-1.518	10.0
-1.524	11.2
-1.529	12.4
-1.534	14.0
-1.540	16.0
-1.545	18.4
-1.550	21.2
-1.556	24.0
-1.561	26.8
-1.566	30.0
-1.572	33.6
-1.577	37.2
-1.582	40.8
-1.588	44.0
-1.593	46.4
-1.599	48.0
-1.604	48.4
-1.609	48.0
-1.615	46.0
-1.620	43.6
-1.625	40.8
-1.631	37.6
-1.636	33.6
-1.641	29.2
-1.647	25.2
-1.652	21.6
-1.657	18.0
-1.663	15.6
-1.668	13.2
-1.673	11.2
-1.679	10.0
-1.684	9.2
-1.689	8.4
-1.695	8.0
-1.700	7.6
-1.705	7.6
-1.711	7.2
-1.716	7.2
-1.721	7.2
-1.727	7.2
-1.732	7.6
-1.737	8.0
-1.743	8.4
-1.748	9.2
-1.753	10.0
-1.759	10.8
-1.764	12.0
-1.769	13.6
-1.775	15.6
-1.780	18.4
-1.786	21.6
-1.791	25.2
-1.796	28.8
-1.802	32.4
-1.807	36.8
-1.812	40.4
-1.818	44.0
-1.823	46.4
-1.828	47.6
-1.834	47.6
-1.839	46.8
-1.844	44.8
-1.850	41.6
-1.855	37.6
-1.860	33.2
-1.866	28.4
-1.871	24.0
-1.876	20.0
-1.882	16.4
-1.887	13.6
-1.892	11.6
-1.898	10.0
-1.903	8.8
-1.908	8.0
-1.914	7.6
-1.919	7.6
-1.924	7.2
-1.930	7.2
-1.935	7.2
-1.940	7.6
-1.946	8.0
-1.951	8.4
-1.956	8.8
-1.962	9.6
-1.967	10.8
-1.972	12.4
-1.978	14.4
-1.983	16.8
-1.989	19.6
-1.994	22.8
-1.999	26.8
-2.005	31.2
-2.010	35.6
-2.015	40.0
-2.021	43.2
-2.026	45.6
-2.031	46.4
-2.037	45.6
-2.042	43.6
-2.047	40.8
-2.053	36.8
-2.058	32.0
-2.063	27.6
-2.069	22.8
-2.074	18.4
-2.079	15.2
-2.085	12.4
-2.090	10.4
-2.095	9.2
-2.101	8.4
-2.106	7.6
-2.111	7.2
-2.117	7.2
-2.122	7.2
-2.127	7.2
-2.133	7.6
-2.138	8.0
-2.143	8.4
-2.149	9.2
-2.154	10.4
-2.159	12.0
-2.165	14.0
-2.170	16.4
-2.175	19.6
-2.181	23.6
-2.186	28.0
-2.191	32.8
-2.197	37.6
-2.202	41.2
-2.207	43.6
-2.213	44.8
-2.218	44.8
-2.223	43.6
-2.229	40.0
-2.234	34.8
-2.240	29.6
-2.245	24.8
-2.250	20.4
-2.256	16.4
-2.261	13.2
-2.266	10.8
-2.272	9.2
-2.277	8.0
-2.282	7.6
-2.288	7.2
-2.293	6.8
-2.298	6.8
-2.304	7.2
-2.309	7.6
-2.314	8.0
-2.320	8.8
-2.325	9.6
-2.330	11.2
-2.336	13.2
-2.341	15.6
-2.346	18.8
-2.352	22.4
-2.357	26.8
-2.362	31.6
-2.368	36.8
-2.373	41.2
-2.378	44.4
-2.384	45.6
-2.389	44.8
-2.394	42.4
-2.400	38.0
-2.405	32.4
-2.410	26.8
-2.416	21.2
-2.421	16.4
-2.426	12.8
-2.432	10.4
-2.437	8.8
-2.442	8.0
-2.448	7.2
-2.453	7.2
-2.458	7.2
-2.464	7.2
-2.469	7.6
-2.474	8.0
-2.480	8.8
-2.485	10.0
-2.490	11.6
-2.496	13.6
-2.501	16.4
-2.506	19.6
-2.512	23.6
-2.517	28.0
-2.522	33.2
-2.528	38.0
-2.533	42.0
-2.538	44.0
-2.544	43.6
-2.549	41.6
-2.554	37.2
-2.560	31.6
-2.565	25.6
-2.570	20.0
-2.576	15.2
-2.581	12.0
-2.586	10.0
-2.592	8.4
-2.597	7.6
-2.602	7.2
-2.608	6.8
-2.613	6.8
-2.619	7.2
-2.624	7.6
-2.629	8.4
-2.635	9.6
-2.640	11.2
-2.645	13.6
-2.651	16.4
-2.656	20.4
-2.661	24.8
-2.667	29.2
-2.672	33.6
-2.677	37.2
-2.683	39.2
-2.688	39.6
-2.693	39.2
-2.699	36.4
-2.704	31.6
-2.709	26.0
-2.715	20.4
-2.720	15.6
-2.725	12.4
-2.731	10.4
-2.736	8.0
-2.741	7.6
-2.747	7.2
-2.752	7.2
-2.757	7.2
-2.763	7.6
-2.768	8.4
-2.773	9.2
-2.779	10.4
-2.784	12.4
-2.789	15.2
-2.795	18.4
-2.800	22.4
-2.805	27.2
-2.811	32.0
-2.816	36.4
-2.821	39.6
-2.827	40.8
-2.832	39.6
-2.837	36.0
-2.843	30.8
-2.848	24.8
-2.853	18.8
-2.859	14.4
-2.864	11.2
-2.869	9.2
-2.875	8.0
-2.880	7.2
-2.885	6.8
-2.891	6.8
-2.896	7.2
-2.901	7.6
-2.907	8.8
-2.912	10.0
-2.917	12.0
-2.923	14.4
-2.928	17.6
-2.933	22.0
-2.939	26.8
-2.944	32.0
-2.949	36.8
-2.955	39.6
-2.960	40.4
-2.965	38.4
-2.971	34.0
-2.976	28.4
-2.981	22.4
-2.987	16.8
-2.992	12.8
-2.997	10.0
-3.003	8.4
-3.008	7.6
-3.013	7.2
-3.019	6.8
-3.024	7.2
-3.029	7.6
-3.035	8.4
-3.040	9.6
-3.045	11.6
-3.051	14.0
-3.056	17.2
-3.061	21.6
-3.067	26.4
-3.072	31.2
-3.077	35.2
-3.083	37.2
-3.088	37.2
-3.093	34.4
-3.099	29.6
-3.104	24.0
-3.109	18.4
-3.115	13.6
-3.120	10.4
-3.125	8.8
-3.131	7.6
-3.136	7.2
-3.141	6.8
-3.147	6.8
-3.152	7.2
-3.157	8.4
-3.163	9.6
-3.168	11.6
-3.173	14.0
-3.179	17.2
-3.184	21.6
-3.189	26.4
-3.195	31.2
-3.200	35.2
-3.205	36.4
-3.211	34.4
-3.216	29.6
-3.221	23.2
-3.227	17.6
-3.232	13.6
-3.237	10.4
-3.243	8.8
-3.248	7.6
-3.253	6.8
-3.259	6.4
-3.264	6.4
-3.269	6.8
-3.275	7.6
-3.280	8.4
-3.285	10.0
-3.291	12.4
-3.296	15.2
-3.301	19.2
-3.306	24.0
-3.312	28.8
-3.317	32.4
-3.322	34.0
-3.328	32.8
-3.333	28.8
-3.338	23.6
-3.344	18.0
-3.349	13.6
-3.354	10.4
-3.360	8.4
-3.365	7.2
-3.370	6.8
-3.376	6.4
-3.381	6.8
-3.386	7.6
-3.392	8.8
-3.397	10.4
-3.402	12.8
-3.408	15.6
-3.413	19.6
-3.418	24.0
-3.424	28.4
-3.429	31.6
-3.434	32.4
-3.440	30.8
-3.445	26.8
-3.450	21.2
-3.456	16.0
-3.461	12.0
-3.466	9.2
-3.472	7.6
-3.477	6.8
-3.482	6.4
-3.488	6.4
-3.493	6.8
-3.498	7.6
-3.504	8.8
-3.509	10.8
-3.514	13.2
-3.520	16.8
-3.525	21.2
-3.530	25.6
-3.536	29.2
-3.541	30.8
-3.546	30.0
-3.552	26.8
-3.557	22.0
-3.562	17.2
-3.568	12.8
-3.573	9.6
-3.578	7.6
-3.584	6.8
-3.589	6.4
-3.594	6.0
-3.600	6.4
-3.605	7.2
-3.610	8.4
-3.616	10.4
-3.621	13.2
-3.626	16.4
-3.632	20.8
-3.637	25.2
-3.642	28.4
-3.647	29.6
-3.653	28.0
-3.658	24.0
-3.663	19.2
-3.669	14.8
-3.674	10.8
-3.679	8.4
-3.685	6.8
-3.690	6.0
-3.695	5.6
-3.701	6.0
-3.706	6.4
-3.711	7.6
-3.717	9.6
-3.722	12.0
-3.727	15.2
-3.733	19.2
-3.738	23.2
-3.743	26.4
-3.749	27.6
-3.754	26.0
-3.759	22.4
-3.765	18.0
-3.770	13.6
-3.775	10.4
-3.781	8.0
-3.786	6.4
-3.791	5.6
-3.797	5.2
-3.802	5.2
-3.807	6.0
-3.813	7.2
-3.818	8.8
-3.823	11.6
-3.829	15.2
-3.834	19.2
-3.839	22.8
-3.844	25.2
-3.850	25.2
-3.855	22.8
-3.860	19.2
-3.866	14.8
-3.871	11.2
-3.876	8.4
-3.882	6.8
-3.887	5.6
-3.892	5.2
-3.898	5.2
-3.903	5.6
-3.908	6.0
-3.914	7.2
-3.919	9.2
-3.924	12.4
-3.930	16.0
-3.935	19.6
-3.940	22.0
-3.946	22.4
-3.951	20.8
-3.956	17.6
-3.962	13.6
-3.967	10.4
-3.972	8.0
-3.978	6.4
-3.983	5.2
-3.988	4.8
-3.994	4.8
-3.999	5.2
-4.004	6.0
-4.009	7.2
-4.015	9.2
-4.020	12.4
-4.025	15.6
-4.031	18.8
-4.036	20.4
-4.041	20.0
-4.047	17.6
-4.052	14.4
-4.057	11.2
-4.063	8.4
-4.068	6.4
-4.073	5.2
-4.079	4.8
-4.084	4.4
-4.089	4.4
-4.095	4.8
-4.100	5.6
-4.105	7.2
-4.111	9.2
-4.116	12.0
-4.121	15.2
-4.127	17.2
-4.132	17.6
-4.137	16.0
-4.143	13.2
-4.148	10.4
-4.153	8.0
-4.158	6.0
-4.164	4.8
-4.169	4.4
-4.174	4.0
-4.180	4.0
-4.185	4.0
-4.190	4.8
-4.196	6.0
-4.201	8.0
-4.206	10.4
-4.212	12.8
-4.217	14.4
-4.222	14.4
-4.228	13.2
-4.233	10.8
-4.238	8.4
-4.244	6.4
-4.249	5.2
-4.254	4.4
-4.260	4.0
-4.265	4.0
-4.270	4.0
-4.275	4.0
-4.281	4.8
-4.286	6.0
-4.291	7.6
-4.297	9.2
-4.302	10.8
-4.307	12.0
-4.313	11.6
-4.318	10.4
-4.323	8.4
-4.329	6.4
-4.334	5.2
-4.339	4.4
-4.345	3.6
-4.350	3.2
-4.355	3.2
-4.361	3.2
-4.366	3.6
-4.371	4.4
-4.377	5.6
-4.382	6.8
-4.387	8.4
-4.392	9.2
-4.398	9.2
-4.403	8.4
-4.408	6.8
-4.414	5.2
-4.419	4.4
-4.424	3.6
-4.430	3.2
-4.435	2.8
-4.440	2.8
-4.446	2.8
-4.451	2.8
-4.456	3.6
-4.462	4.4
-4.467	5.2
-4.472	6.4
-4.478	7.2
-4.483	7.2
-4.488	6.4
-4.493	5.2
-4.499	4.4
-4.504	3.6
-4.509	2.8
-4.515	2.4
-4.520	2.4
-4.525	2.4
-4.531	2.4
-4.536	2.4
-4.541	2.8
-4.547	3.2
-4.552	4.0
-4.557	4.8
-4.563	5.2
-4.568	5.2
-4.573	4.8
-4.578	4.0
-4.584	3.2
-4.589	2.4
-4.594	2.0
-4.600	2.0
-4.605	2.0
-4.610	2.0
-4.616	2.0
-4.621	2.0
-4.626	2.4
-4.632	2.8
-4.637	3.2
-4.642	3.6
-4.648	3.6
-4.653	3.6
-4.658	3.2
-4.663	2.4
-4.669	2.0
-4.674	1.6
-4.679	1.6
-4.685	1.6
-4.690	1.6
-4.695	1.6
-4.701	1.6
-4.706	1.6
-4.711	2.0
-4.717	2.4
-4.722	2.8
-4.727	2.8
-4.733	2.4
-4.738	2.0
-4.743	1.6
-4.748	1.2
-4.754	1.2
-4.759	1.2
-4.764	1.2
-4.770	1.2
-4.775	1.2
-4.780	1.2
-4.786	1.2
-4.791	1.6
-4.796	2.0
-4.802	2.0
-4.807	2.0
-4.812	2.0
-4.818	1.6
-4.823	1.2
-4.828	1.2
-4.833	1.2
-4.839	1.2
-4.844	1.2
-4.849	1.2
-4.855	1.2
-4.860	1.2
-4.865	1.2
-4.871	1.2
-4.876	1.2
-4.881	1.2
-4.887	1.2
-4.892	1.2
-4.897	1.2
-4.902	1.2
-4.908	1.2
-4.913	1.2
-4.918	1.2
-4.924	1.2
-4.929	1.2
-4.934	1.2
-4.940	1.2
-4.945	1.2
-4.950	1.2
-4.956	1.2
-4.961	1.2
-4.966	1.2
-4.971	1.2
-4.977	1.2
-4.982	0.8
-4.987	0.8
-4.993	0.8
-4.998	0.8
-5.003	0.8
-5.009	0.8
-5.014	0.8
-5.019	0.8
-5.025	0.8
-5.030	0.8
-5.035	0.8
-5.040	0.8
-5.046	0.8
-5.051	0.8
-5.056	0.8
-5.062	0.8
-5.067	0.8
-5.072	0.8
-5.078	0.8
-5.083	0.8
-5.088	0.8
-5.094	0.8
-5.099	0.8
-5.104	0.8
-5.109	0.8
-5.115	0.8
-5.120	0.8
-5.125	0.8
-5.131	0.8
-5.136	0.8
-5.141	0.8
-5.147	0.8
-5.152	0.8
-5.157	0.8
-5.162	0.8
-5.168	0.8
-5.173	0.8
-5.178	0.8
-5.184	0.8
-5.189	0.8
-5.194	0.8
-5.200	0.8
-5.205	0.8
-5.210	0.8
-5.216	0.8
-5.221	0.8
-5.226	0.8
-5.231	0.8
-5.237	0.8
-5.242	0.8
-5.247	0.8
-5.253	0.8
-5.258	0.8
-5.263	0.8
-5.269	0.8
-5.274	0.8
-5.279	0.8
-5.284	0.8
-5.290	0.8
-5.295	0.8
-5.300	0.8
-5.306	0.8
-5.311	0.8
-5.316	0.8
-5.322	0.8
-5.327	0.8
-5.332	0.4
-5.337	0.4
-5.343	0.4
-5.348	0.4
-5.353	0.4
-5.359	0.4
-5.364	0.4
-5.369	0.4
-5.375	0.4
-5.380	0.4
-5.385	0.4
-5.390	0.4
-5.396	0.4
-5.401	0.4
-5.406	0.4
-5.412	0.4
-5.417	0.4
-5.422	0.4
-5.428	0.4
-5.433	0.4
-5.438	0.4
-5.443	0.4
-5.449	0.4
-5.454	0.4
