&a / °	I1 / %
5.459	0.4
5.454	0.4
5.449	0.4
5.443	0.4
5.438	0.0
5.433	0.0
5.428	0.0
5.422	0.0
5.417	0.0
5.412	0.0
5.406	0.0
5.401	0.0
5.396	0.0
5.390	0.0
5.385	0.0
5.380	0.0
5.375	0.0
5.369	0.0
5.364	0.0
5.359	0.0
5.353	0.0
5.348	0.0
5.343	0.0
5.337	0.0
5.332	0.0
5.327	0.0
5.322	0.0
5.316	0.0
5.311	0.4
5.306	0.4
5.300	0.4
5.295	0.4
5.290	0.4
5.284	0.4
5.279	0.4
5.274	0.4
5.269	0.4
5.263	0.4
5.258	0.4
5.253	0.4
5.247	0.4
5.242	0.4
5.237	0.4
5.231	0.4
5.226	0.4
5.221	0.4
5.216	0.4
5.210	0.4
5.205	0.4
5.200	0.4
5.194	0.4
5.189	0.4
5.184	0.4
5.178	0.4
5.173	0.4
5.168	0.4
5.162	0.4
5.157	0.4
5.152	0.4
5.147	0.4
5.141	0.4
5.136	0.4
5.131	0.4
5.125	0.4
5.120	0.4
5.115	0.4
5.109	0.4
5.104	0.4
5.099	0.4
5.094	0.4
5.088	0.4
5.083	0.4
5.078	0.4
5.072	0.4
5.067	0.4
5.062	0.4
5.056	0.4
5.051	0.4
5.046	0.4
5.040	0.4
5.035	0.4
5.030	0.4
5.025	0.4
5.019	0.4
5.014	0.4
5.009	0.4
5.003	0.4
4.998	0.4
4.993	0.4
4.987	0.4
4.982	0.4
4.977	0.4
4.971	0.4
4.966	0.4
4.961	0.4
4.956	0.4
4.950	0.4
4.945	0.4
4.940	0.4
4.934	0.4
4.929	0.4
4.924	0.4
4.918	0.4
4.913	0.4
4.908	0.4
4.902	0.4
4.897	0.4
4.892	0.4
4.887	0.4
4.881	0.4
4.876	0.4
4.871	0.4
4.865	0.4
4.860	0.4
4.855	0.4
4.849	0.4
4.844	0.4
4.839	0.4
4.833	0.4
4.828	0.4
4.823	0.4
4.818	0.4
4.812	0.4
4.807	0.4
4.802	0.4
4.796	0.4
4.791	0.4
4.786	0.4
4.780	0.4
4.775	0.4
4.770	0.4
4.764	0.4
4.759	0.4
4.754	0.4
4.748	0.4
4.743	0.4
4.738	0.4
4.733	0.4
4.727	0.4
4.722	0.4
4.717	0.4
4.711	0.4
4.706	0.4
4.701	0.4
4.695	0.4
4.690	0.4
4.685	0.4
4.679	0.4
4.674	0.4
4.669	0.4
4.663	0.4
4.658	0.4
4.653	0.4
4.648	0.4
4.642	0.4
4.637	0.4
4.632	0.4
4.626	0.4
4.621	0.4
4.616	0.4
4.610	0.4
4.605	0.4
4.600	0.4
4.594	0.8
4.589	0.8
4.584	0.8
4.578	0.8
4.573	0.8
4.568	0.8
4.563	0.8
4.557	0.8
4.552	0.8
4.547	0.8
4.541	0.8
4.536	0.8
4.531	0.8
4.525	0.8
4.520	0.8
4.515	0.8
4.509	0.8
4.504	0.8
4.499	0.8
4.493	0.8
4.488	0.8
4.483	0.8
4.478	0.8
4.472	0.8
4.467	0.8
4.462	0.8
4.456	0.8
4.451	0.8
4.446	0.8
4.440	0.8
4.435	0.8
4.430	0.8
4.424	1.2
4.419	1.2
4.414	1.2
4.408	1.2
4.403	1.2
4.398	1.2
4.392	1.2
4.387	1.2
4.382	1.2
4.377	1.2
4.371	1.2
4.366	1.2
4.361	1.2
4.355	1.2
4.350	1.2
4.345	1.2
4.339	1.2
4.334	1.2
4.329	1.6
4.323	1.6
4.318	1.6
4.313	1.6
4.307	1.6
4.302	1.6
4.297	1.6
4.291	1.6
4.286	1.6
4.281	1.6
4.275	1.6
4.270	1.6
4.265	1.6
4.260	1.6
4.254	1.6
4.249	1.6
4.244	2.0
4.238	2.0
4.233	2.0
4.228	2.0
4.222	2.0
4.217	2.0
4.212	2.0
4.206	2.0
4.201	2.0
4.196	2.0
4.190	2.0
4.185	2.0
4.180	2.0
4.174	2.0
4.169	2.0
4.164	2.4
4.158	2.4
4.153	2.4
4.148	2.4
4.143	2.4
4.137	2.4
4.132	2.4
4.127	2.4
4.121	2.4
4.116	2.4
4.111	2.4
4.105	2.4
4.100	2.0
4.095	2.0
4.089	2.0
4.084	2.4
4.079	2.4
4.073	2.8
4.068	2.8
4.063	3.2
4.057	3.2
4.052	3.6
4.047	3.6
4.041	3.6
4.036	3.6
4.031	3.6
4.025	3.6
4.020	3.6
4.015	3.2
4.009	2.8
4.004	2.8
3.999	2.8
3.994	2.8
3.988	2.8
3.983	2.8
3.978	3.2
3.972	3.6
3.967	4.0
3.962	4.0
3.956	4.4
3.951	4.8
3.946	4.8
3.940	4.8
3.935	4.8
3.930	4.8
3.924	4.8
3.919	4.4
3.914	4.0
3.908	3.6
3.903	3.6
3.898	3.2
3.892	3.2
3.887	3.6
3.882	4.0
3.876	4.4
3.871	5.2
3.866	5.6
3.860	5.6
3.855	6.4
3.850	6.8
3.844	6.8
3.839	6.8
3.834	6.8
3.829	6.4
3.823	6.0
3.818	6.0
3.813	5.6
3.807	4.8
3.802	4.4
3.797	4.4
3.791	4.4
3.786	4.8
3.781	5.6
3.775	6.4
3.770	7.2
3.765	7.6
3.759	8.0
3.754	8.8
3.749	9.6
3.743	10.0
3.738	10.0
3.733	9.6
3.727	9.6
3.722	9.2
3.717	8.4
3.711	7.2
3.706	6.4
3.701	5.6
3.695	5.2
3.690	5.2
3.685	5.6
3.679	6.4
3.674	7.6
3.669	8.8
3.663	9.6
3.658	10.4
3.653	11.2
3.647	12.4
3.642	13.2
3.637	13.6
3.632	12.8
3.626	12.4
3.621	12.0
3.616	11.2
3.610	9.6
3.605	8.4
3.600	7.2
3.594	6.8
3.589	6.4
3.584	6.4
3.578	6.8
3.573	8.0
3.568	9.2
3.562	10.4
3.557	11.6
3.552	12.8
3.546	14.0
3.541	15.2
3.536	16.4
3.530	16.4
3.525	15.6
3.520	14.8
3.514	14.0
3.509	13.2
3.504	12.0
3.498	10.8
3.493	9.2
3.488	8.4
3.482	7.6
3.477	7.6
3.472	8.0
3.466	9.2
3.461	10.4
3.456	11.6
3.450	13.2
3.445	14.4
3.440	15.6
3.434	17.2
3.429	18.4
3.424	19.2
3.418	19.2
3.413	18.8
3.408	18.0
3.402	16.8
3.397	15.6
3.392	14.0
3.386	12.4
3.381	10.8
3.376	9.6
3.370	8.8
3.365	8.8
3.360	9.6
3.354	10.4
3.349	12.0
3.344	13.2
3.338	14.8
3.333	16.4
3.328	18.0
3.322	19.6
3.317	20.8
3.312	21.2
3.306	21.2
3.301	20.8
3.296	20.0
3.291	19.2
3.285	17.6
3.280	15.6
3.275	13.6
3.269	11.6
3.264	10.0
3.259	8.8
3.253	8.4
3.248	8.4
3.243	9.2
3.237	10.4
3.232	12.0
3.227	14.0
3.221	16.0
3.216	18.0
3.211	20.0
3.205	21.6
3.200	23.2
3.195	23.6
3.189	23.6
3.184	23.2
3.179	22.4
3.173	21.2
3.168	19.6
3.163	17.6
3.157	15.2
3.152	13.2
3.147	11.6
3.141	10.8
3.136	10.4
3.131	10.4
3.125	11.2
3.120	12.4
3.115	14.4
3.109	16.0
3.104	17.6
3.099	19.2
3.093	21.2
3.088	23.6
3.083	25.6
3.077	26.4
3.072	26.0
3.067	25.2
3.061	24.8
3.056	24.0
3.051	22.4
3.045	20.4
3.040	18.0
3.035	15.6
3.029	13.6
3.024	12.0
3.019	11.2
3.013	10.4
3.008	10.4
3.003	11.2
2.997	12.4
2.992	14.4
2.987	16.8
2.981	18.4
2.976	20.0
2.971	21.6
2.965	24.0
2.960	26.4
2.955	28.0
2.949	28.0
2.944	27.2
2.939	26.4
2.933	25.6
2.928	24.8
2.923	23.2
2.917	20.8
2.912	18.4
2.907	16.0
2.901	13.6
2.896	12.0
2.891	10.8
2.885	10.4
2.880	10.4
2.875	10.4
2.869	11.6
2.864	13.6
2.859	16.4
2.853	18.8
2.848	20.4
2.843	21.6
2.837	23.2
2.832	25.6
2.827	28.4
2.821	29.6
2.816	29.6
2.811	28.4
2.805	27.2
2.800	26.8
2.795	26.0
2.789	24.4
2.784	22.0
2.779	19.2
2.773	16.4
2.768	14.0
2.763	12.0
2.757	10.8
2.752	10.0
2.747	10.0
2.741	10.4
2.736	11.6
2.731	13.2
2.725	15.6
2.720	18.0
2.715	20.0
2.709	21.2
2.704	22.0
2.699	23.6
2.693	26.4
2.688	29.6
2.683	31.2
2.677	30.8
2.672	29.6
2.667	28.0
2.661	27.2
2.656	26.8
2.651	25.6
2.645	23.6
2.640	21.2
2.635	18.4
2.629	16.0
2.624	14.0
2.619	12.4
2.613	11.2
2.608	10.4
2.602	10.4
2.597	10.4
2.592	11.2
2.586	12.8
2.581	15.6
2.576	18.4
2.570	20.8
2.565	22.0
2.560	23.2
2.554	24.4
2.549	26.4
2.544	29.6
2.538	32.4
2.533	33.6
2.528	32.8
2.522	30.8
2.517	28.8
2.512	28.0
2.506	28.0
2.501	27.2
2.496	25.2
2.490	22.4
2.485	19.2
2.480	16.4
2.474	14.0
2.469	12.4
2.464	11.2
2.458	10.8
2.453	10.4
2.448	10.4
2.442	10.8
2.437	11.6
2.432	13.2
2.426	16.0
2.421	19.6
2.416	22.4
2.410	24.0
2.405	24.8
2.400	25.6
2.394	27.2
2.389	30.4
2.384	33.6
2.378	35.6
2.373	35.2
2.368	32.8
2.362	30.4
2.357	28.8
2.352	28.8
2.346	29.2
2.341	28.8
2.336	26.8
2.330	23.6
2.325	20.0
2.320	16.8
2.314	14.4
2.309	12.4
2.304	11.6
2.298	10.8
2.293	10.4
2.288	10.4
2.282	10.4
2.277	10.8
2.272	12.0
2.266	14.4
2.261	17.2
2.256	20.8
2.250	23.6
2.245	25.2
2.240	25.6
2.234	26.0
2.229	27.2
2.223	29.6
2.218	32.8
2.213	36.0
2.207	36.8
2.202	35.6
2.197	33.2
2.191	30.4
2.186	28.8
2.181	28.8
2.175	29.6
2.170	29.2
2.165	27.2
2.159	24.0
2.154	20.8
2.149	18.0
2.143	15.6
2.138	13.6
2.133	12.4
2.127	11.2
2.122	10.8
2.117	10.4
2.111	10.4
2.106	10.4
2.101	11.2
2.095	12.0
2.090	13.6
2.085	16.4
2.079	20.0
2.074	23.2
2.069	25.6
2.063	26.8
2.058	26.8
2.053	26.8
2.047	27.6
2.042	30.0
2.037	34.0
2.031	37.6
2.026	39.6
2.021	38.8
2.015	36.0
2.010	32.8
2.005	30.4
1.999	29.6
1.994	29.6
1.989	30.4
1.983	30.8
1.978	29.2
1.972	26.4
1.967	22.8
1.962	19.2
1.956	16.4
1.951	14.4
1.946	12.4
1.940	11.6
1.935	11.2
1.930	10.8
1.924	10.4
1.919	10.4
1.914	10.4
1.908	10.8
1.903	11.6
1.898	12.8
1.892	14.8
1.887	17.6
1.882	21.2
1.876	24.4
1.871	26.8
1.866	28.0
1.860	28.0
1.855	27.6
1.850	28.0
1.844	29.2
1.839	32.0
1.834	36.0
1.828	39.2
1.823	40.8
1.818	40.0
1.812	37.6
1.807	34.4
1.802	31.6
1.796	30.0
1.791	30.0
1.786	31.2
1.780	32.0
1.775	32.0
1.769	30.4
1.764	27.6
1.759	24.0
1.753	20.4
1.748	17.6
1.743	15.6
1.737	14.0
1.732	12.8
1.727	12.0
1.721	11.2
1.716	10.8
1.711	10.8
1.705	10.8
1.700	10.8
1.695	11.2
1.689	11.6
1.684	12.4
1.679	13.6
1.673	15.2
1.668	17.6
1.663	20.8
1.657	24.0
1.652	26.8
1.647	28.8
1.641	29.6
1.636	29.6
1.631	29.6
1.625	29.6
1.620	30.4
1.615	32.4
1.609	36.0
1.604	40.0
1.599	43.2
1.593	44.0
1.588	42.8
1.582	40.0
1.577	36.8
1.572	33.6
1.566	31.6
1.561	30.4
1.556	30.8
1.550	32.0
1.545	33.2
1.540	33.6
1.534	32.8
1.529	30.4
1.524	26.8
1.518	23.2
1.513	20.0
1.508	17.6
1.502	15.6
1.497	14.0
1.492	12.8
1.486	12.0
1.481	11.2
1.476	10.8
1.470	10.4
1.465	10.4
1.460	10.4
1.454	10.4
1.449	10.8
1.444	11.2
1.438	11.6
1.433	12.4
1.428	13.6
1.422	15.2
1.417	17.2
1.411	20.0
1.406	23.2
1.401	26.4
1.395	29.2
1.390	31.2
1.385	32.0
1.379	31.6
1.374	30.8
1.369	30.4
1.363	30.0
1.358	30.0
1.353	31.2
1.347	33.6
1.342	37.2
1.337	41.6
1.331	45.2
1.326	46.8
1.321	46.0
1.315	44.0
1.310	40.8
1.305	37.2
1.299	34.0
1.294	32.0
1.289	30.8
1.283	30.8
1.278	32.0
1.273	33.2
1.267	34.8
1.262	35.6
1.256	35.2
1.251	33.2
1.246	30.8
1.240	27.6
1.235	24.4
1.230	21.6
1.224	19.2
1.219	17.6
1.214	16.0
1.208	14.8
1.203	13.6
1.198	12.8
1.192	12.4
1.187	12.0
1.182	11.6
1.176	11.2
1.171	10.8
1.166	10.8
1.160	10.8
1.155	10.8
1.150	11.2
1.144	11.2
1.139	11.6
1.134	12.0
1.128	12.4
1.123	13.2
1.118	14.0
1.112	15.2
1.107	16.8
1.101	18.8
1.096	21.2
1.091	24.0
1.085	27.2
1.080	30.0
1.075	32.0
1.069	33.2
1.064	33.6
1.059	33.2
1.053	32.8
1.048	32.0
1.043	31.2
1.037	30.8
1.032	31.2
1.027	32.0
1.021	33.6
1.016	36.0
1.011	39.2
1.005	42.4
1.000	45.6
0.995	48.0
0.989	49.6
0.984	50.0
0.979	49.2
0.973	47.2
0.968	44.8
0.962	42.0
0.957	39.2
0.952	36.8
0.946	34.8
0.941	33.2
0.936	32.4
0.930	32.4
0.925	33.2
0.920	34.0
0.914	34.8
0.909	34.8
0.904	34.4
0.898	33.6
0.893	32.8
0.888	32.0
0.882	31.2
0.877	30.0
0.872	28.8
0.866	27.6
0.861	26.0
0.856	24.0
0.850	22.0
0.845	20.0
0.840	18.4
0.834	16.8
0.829	15.6
0.823	14.8
0.818	14.0
0.813	13.2
0.807	12.8
0.802	12.4
0.797	12.0
0.791	11.6
0.786	11.6
0.781	11.6
0.775	11.6
0.770	11.2
0.765	10.8
0.759	10.8
0.754	10.8
0.749	10.8
0.743	11.2
0.738	11.2
0.733	11.2
0.727	11.2
0.722	11.6
0.717	11.6
0.711	12.0
0.706	12.4
0.701	12.8
0.695	13.2
0.690	14.0
0.684	14.4
0.679	15.2
0.674	16.0
0.668	17.2
0.663	18.4
0.658	19.6
0.652	21.2
0.647	22.8
0.642	24.4
0.636	26.4
0.631	28.0
0.626	30.0
0.620	31.6
0.615	32.8
0.610	34.0
0.604	34.8
0.599	35.2
0.594	35.6
0.588	35.6
0.583	35.6
0.578	35.2
0.572	34.8
0.567	34.4
0.561	34.4
0.556	34.0
0.551	34.0
0.545	33.6
0.540	33.6
0.535	34.0
0.529	34.4
0.524	34.8
0.519	34.8
0.513	34.4
0.508	34.0
0.503	34.0
0.497	34.4
0.492	35.6
0.487	38.0
0.481	40.0
0.476	42.4
0.471	44.0
0.465	45.6
0.460	46.8
0.455	47.6
0.449	48.0
0.444	48.4
0.438	48.8
0.433	49.6
0.428	50.4
0.422	51.2
0.417	51.2
0.412	50.8
0.406	50.0
0.401	49.2
0.396	48.0
0.390	46.8
0.385	45.6
0.380	44.4
0.374	43.2
0.369	42.0
0.364	40.8
0.358	39.6
0.353	38.8
0.348	38.0
0.342	37.2
0.337	36.8
0.332	36.4
0.326	36.0
0.321	36.0
0.316	35.6
0.310	35.6
0.305	35.6
0.299	35.6
0.294	36.0
0.289	36.0
0.283	36.0
0.278	36.0
0.273	36.4
0.267	36.8
0.262	36.8
0.257	37.2
0.251	37.6
0.246	38.0
0.241	38.0
0.235	38.0
0.230	38.0
0.225	37.6
0.219	36.8
0.214	36.0
0.209	35.6
0.203	35.2
0.198	35.6
0.193	36.4
0.187	38.0
0.182	39.2
0.176	40.0
0.171	40.4
0.166	40.4
0.160	40.4
0.155	40.4
0.150	40.0
0.144	40.0
0.139	39.6
0.134	39.6
0.128	39.6
0.123	39.6
0.118	39.6
0.112	39.2
0.107	38.8
0.102	38.8
0.096	38.4
0.091	38.4
0.086	38.4
0.080	38.0
0.075	38.0
0.070	38.0
0.064	37.6
0.059	37.6
0.053	37.2
0.048	36.8
0.043	36.4
0.037	36.4
0.032	36.4
0.027	36.4
0.021	36.4
0.016	36.4
0.011	36.4
0.005	36.4
0.000	36.4
-0.005	36.4
-0.011	36.4
-0.016	36.4
-0.021	36.4
-0.027	36.4
-0.032	36.4
-0.037	36.4
-0.043	36.8
-0.048	36.8
-0.053	36.8
-0.059	36.8
-0.064	36.8
-0.070	37.2
-0.075	37.2
-0.080	37.2
-0.086	37.2
-0.091	37.2
-0.096	37.2
-0.102	37.2
-0.107	37.2
-0.112	36.8
-0.118	36.8
-0.123	37.2
-0.128	38.0
-0.134	38.8
-0.139	38.8
-0.144	39.2
-0.150	39.2
-0.155	39.2
-0.160	39.2
-0.166	39.2
-0.171	39.2
-0.176	39.2
-0.182	39.2
-0.187	39.6
-0.193	40.0
-0.198	40.0
-0.203	40.0
-0.209	40.0
-0.214	40.0
-0.219	40.0
-0.225	39.6
-0.230	39.6
-0.235	39.2
-0.241	38.8
-0.246	38.8
-0.251	38.8
-0.257	38.8
-0.262	39.2
-0.267	39.2
-0.273	39.2
-0.278	39.2
-0.283	38.8
-0.289	38.4
-0.294	38.4
-0.299	38.4
-0.305	38.8
-0.310	39.2
-0.316	39.2
-0.321	39.6
-0.326	40.0
-0.332	40.4
-0.337	40.8
-0.342	41.2
-0.348	41.6
-0.353	42.0
-0.358	42.4
-0.364	42.8
-0.369	43.2
-0.374	44.0
-0.380	44.4
-0.385	45.2
-0.390	46.0
-0.396	46.8
-0.401	47.2
-0.406	48.0
-0.412	48.4
-0.417	48.8
-0.422	49.2
-0.428	49.6
-0.433	50.0
-0.438	50.4
-0.444	50.8
-0.449	50.8
-0.455	51.2
-0.460	51.2
-0.465	50.8
-0.471	50.4
-0.476	49.6
-0.481	49.2
-0.487	48.0
-0.492	46.8
-0.497	46.4
-0.503	46.0
-0.508	46.0
-0.513	45.6
-0.519	45.2
-0.524	44.8
-0.529	44.4
-0.535	43.6
-0.540	42.8
-0.545	42.0
-0.551	40.8
-0.556	39.6
-0.561	38.8
-0.567	38.0
-0.572	37.2
-0.578	36.8
-0.583	36.4
-0.588	35.6
-0.594	35.2
-0.599	34.8
-0.604	34.4
-0.610	33.6
-0.615	32.8
-0.620	32.0
-0.626	31.2
-0.631	30.8
-0.636	30.4
-0.642	30.0
-0.647	29.2
-0.652	28.0
-0.658	27.2
-0.663	26.0
-0.668	25.2
-0.674	24.4
-0.679	23.2
-0.684	22.0
-0.690	20.8
-0.695	19.6
-0.701	18.4
-0.706	17.6
-0.711	16.8
-0.717	15.6
-0.722	14.8
-0.727	14.0
-0.733	13.6
-0.738	13.2
-0.743	12.8
-0.749	12.4
-0.754	12.4
-0.759	12.4
-0.765	12.0
-0.770	12.0
-0.775	12.0
-0.781	12.0
-0.786	12.4
-0.791	12.8
-0.797	12.8
-0.802	13.2
-0.807	13.6
-0.813	14.0
-0.818	14.8
-0.823	15.6
-0.829	16.4
-0.834	17.2
-0.840	18.4
-0.845	19.6
-0.850	20.8
-0.856	22.0
-0.861	23.6
-0.866	25.2
-0.872	27.2
-0.877	28.8
-0.882	30.4
-0.888	32.0
-0.893	33.6
-0.898	34.8
-0.904	36.0
-0.909	37.2
-0.914	38.0
-0.920	38.8
-0.925	39.2
-0.930	39.6
-0.936	40.4
-0.941	40.8
-0.946	41.6
-0.952	42.4
-0.957	43.6
-0.962	44.4
-0.968	45.2
-0.973	46.0
-0.979	46.4
-0.984	47.2
-0.989	48.4
-0.995	49.2
-1.000	49.6
-1.005	49.6
-1.011	49.2
-1.016	48.8
-1.021	48.4
-1.027	47.6
-1.032	46.8
-1.037	45.6
-1.043	44.4
-1.048	42.8
-1.053	41.2
-1.059	39.2
-1.064	37.6
-1.069	36.0
-1.075	34.4
-1.080	33.2
-1.085	32.0
-1.091	31.2
-1.096	30.0
-1.101	29.2
-1.107	27.6
-1.112	26.0
-1.118	24.4
-1.123	22.8
-1.128	21.2
-1.134	19.2
-1.139	17.6
-1.144	15.6
-1.150	14.0
-1.155	13.2
-1.160	12.8
-1.166	12.4
-1.171	12.4
-1.176	12.0
-1.182	12.4
-1.187	12.4
-1.192	12.8
-1.198	13.2
-1.203	14.0
-1.208	14.8
-1.214	16.0
-1.219	17.2
-1.224	18.8
-1.230	20.4
-1.235	22.4
-1.240	24.4
-1.246	26.8
-1.251	28.8
-1.256	31.2
-1.262	33.2
-1.267	35.2
-1.273	36.4
-1.278	38.0
-1.283	39.2
-1.289	40.8
-1.294	41.6
-1.299	42.8
-1.305	43.6
-1.310	44.4
-1.315	45.2
-1.321	46.0
-1.326	46.4
-1.331	46.8
-1.337	47.2
-1.342	47.6
-1.347	47.6
-1.353	47.2
-1.358	46.4
-1.363	45.6
-1.369	44.0
-1.374	41.6
-1.379	39.2
-1.385	36.8
-1.390	34.8
-1.395	33.2
-1.401	32.0
-1.406	30.8
-1.411	29.6
-1.417	28.0
-1.422	26.0
-1.428	24.0
-1.433	22.0
-1.438	20.0
-1.444	18.0
-1.449	16.0
-1.454	14.4
-1.460	13.6
-1.465	12.8
-1.470	12.8
-1.476	12.8
-1.481	12.8
-1.486	13.2
-1.492	14.0
-1.497	14.8
-1.502	16.0
-1.508	17.6
-1.513	19.6
-1.518	21.6
-1.524	24.0
-1.529	26.4
-1.534	29.2
-1.540	32.0
-1.545	34.0
-1.550	36.0
-1.556	37.6
-1.561	38.8
-1.566	40.4
-1.572	41.6
-1.577	42.8
-1.582	43.6
-1.588	44.4
-1.593	45.6
-1.599	46.4
-1.604	46.8
-1.609	47.2
-1.615	46.8
-1.620	46.0
-1.625	45.2
-1.631	43.2
-1.636	40.8
-1.641	38.0
-1.647	35.2
-1.652	33.2
-1.657	31.6
-1.663	30.0
-1.668	28.4
-1.673	26.8
-1.679	24.8
-1.684	22.8
-1.689	20.4
-1.695	17.6
-1.700	15.6
-1.705	14.4
-1.711	13.2
-1.716	12.8
-1.721	12.8
-1.727	13.2
-1.732	14.0
-1.737	14.8
-1.743	16.4
-1.748	18.4
-1.753	20.4
-1.759	22.8
-1.764	25.2
-1.769	28.0
-1.775	30.8
-1.780	33.2
-1.786	36.0
-1.791	38.4
-1.796	40.4
-1.802	42.0
-1.807	43.2
-1.812	44.0
-1.818	44.4
-1.823	45.2
-1.828	46.4
-1.834	47.2
-1.839	47.6
-1.844	47.6
-1.850	46.0
-1.855	43.6
-1.860	40.4
-1.866	37.6
-1.871	34.8
-1.876	32.8
-1.882	30.8
-1.887	29.2
-1.892	26.8
-1.898	24.4
-1.903	21.6
-1.908	18.8
-1.914	16.4
-1.919	14.4
-1.924	13.2
-1.930	12.8
-1.935	12.8
-1.940	13.2
-1.946	14.0
-1.951	15.2
-1.956	17.2
-1.962	19.6
-1.967	22.4
-1.972	25.6
-1.978	28.8
-1.983	32.0
-1.989	34.8
-1.994	37.6
-1.999	39.6
-2.005	41.2
-2.010	42.4
-2.015	42.8
-2.021	43.6
-2.026	44.4
-2.031	45.2
-2.037	45.6
-2.042	45.2
-2.047	44.4
-2.053	42.0
-2.058	38.8
-2.063	36.0
-2.069	33.6
-2.074	31.6
-2.079	30.0
-2.085	28.0
-2.090	25.6
-2.095	22.4
-2.101	19.2
-2.106	16.4
-2.111	14.8
-2.117	13.6
-2.122	13.2
-2.127	12.8
-2.133	13.2
-2.138	14.4
-2.143	16.0
-2.149	18.4
-2.154	21.2
-2.159	24.8
-2.165	28.4
-2.170	31.6
-2.175	34.8
-2.181	37.6
-2.186	40.0
-2.191	41.2
-2.197	41.6
-2.202	42.0
-2.207	43.2
-2.213	44.4
-2.218	45.6
-2.223	45.6
-2.229	43.6
-2.234	40.0
-2.240	36.0
-2.245	33.2
-2.250	31.6
-2.256	30.0
-2.261	28.8
-2.266	26.4
-2.272	22.8
-2.277	19.2
-2.282	16.4
-2.288	14.4
-2.293	13.2
-2.298	12.8
-2.304	13.2
-2.309	14.0
-2.314	15.2
-2.320	17.2
-2.325	20.0
-2.330	23.2
-2.336	26.4
-2.341	30.0
-2.346	33.2
-2.352	36.0
-2.357	38.0
-2.362	39.2
-2.368	40.0
-2.373	41.6
-2.378	43.6
-2.384	45.6
-2.389	46.8
-2.394	46.0
-2.400	42.4
-2.405	38.4
-2.410	35.2
-2.416	32.8
-2.421	30.8
-2.426	28.4
-2.432	25.2
-2.437	21.2
-2.442	17.6
-2.448	15.2
-2.453	13.6
-2.458	12.8
-2.464	12.8
-2.469	13.2
-2.474	14.8
-2.480	16.8
-2.485	19.6
-2.490	23.2
-2.496	26.8
-2.501	30.4
-2.506	33.6
-2.512	36.0
-2.517	37.6
-2.522	38.4
-2.528	39.2
-2.533	41.6
-2.538	44.0
-2.544	45.6
-2.549	44.8
-2.554	41.6
-2.560	37.2
-2.565	34.0
-2.570	31.6
-2.576	29.6
-2.581	27.2
-2.586	23.6
-2.592	19.6
-2.597	16.0
-2.602	13.6
-2.608	12.4
-2.613	12.4
-2.619	12.8
-2.624	14.0
-2.629	16.0
-2.635	18.8
-2.640	22.4
-2.645	26.4
-2.651	30.4
-2.656	34.0
-2.661	36.8
-2.667	37.6
-2.672	37.6
-2.677	38.4
-2.683	39.6
-2.688	41.2
-2.693	42.0
-2.699	40.0
-2.704	36.0
-2.709	32.8
-2.715	30.4
-2.720	28.8
-2.725	26.8
-2.731	23.2
-2.736	18.0
-2.741	15.6
-2.747	13.6
-2.752	12.8
-2.757	12.8
-2.763	13.6
-2.768	14.8
-2.773	17.2
-2.779	20.4
-2.784	24.0
-2.789	28.0
-2.795	32.0
-2.800	34.8
-2.805	36.4
-2.811	36.8
-2.816	38.4
-2.821	40.4
-2.827	42.4
-2.832	42.4
-2.837	39.6
-2.843	35.2
-2.848	32.0
-2.853	29.6
-2.859	27.6
-2.864	24.8
-2.869	20.8
-2.875	16.8
-2.880	14.4
-2.885	13.2
-2.891	12.8
-2.896	13.2
-2.901	14.4
-2.907	16.4
-2.912	19.2
-2.917	22.8
-2.923	27.2
-2.928	31.6
-2.933	34.8
-2.939	36.0
-2.944	36.4
-2.949	38.4
-2.955	40.8
-2.960	42.8
-2.965	42.0
-2.971	38.0
-2.976	34.0
-2.981	31.2
-2.987	29.2
-2.992	26.8
-2.997	22.8
-3.003	18.4
-3.008	15.2
-3.013	13.2
-3.019	12.4
-3.024	12.8
-3.029	13.6
-3.035	15.6
-3.040	18.4
-3.045	21.6
-3.051	25.6
-3.056	29.6
-3.061	32.8
-3.067	34.0
-3.072	35.2
-3.077	36.8
-3.083	38.8
-3.088	40.0
-3.093	38.0
-3.099	34.0
-3.104	30.8
-3.109	28.4
-3.115	26.0
-3.120	22.8
-3.125	18.8
-3.131	15.2
-3.136	13.2
-3.141	12.4
-3.147	12.4
-3.152	13.6
-3.157	15.6
-3.163	18.4
-3.168	22.0
-3.173	26.4
-3.179	30.0
-3.184	32.8
-3.189	34.0
-3.195	35.2
-3.200	37.2
-3.205	38.4
-3.211	37.2
-3.216	32.8
-3.221	28.0
-3.227	24.8
-3.232	22.8
-3.237	21.2
-3.243	18.4
-3.248	15.2
-3.253	13.2
-3.259	12.0
-3.264	12.0
-3.269	12.4
-3.275	14.0
-3.280	16.0
-3.285	18.4
-3.291	21.6
-3.296	25.2
-3.301	28.0
-3.306	30.0
-3.312	31.6
-3.317	34.0
-3.322	36.0
-3.328	35.6
-3.333	32.8
-3.338	29.6
-3.344	26.8
-3.349	24.8
-3.354	21.6
-3.360	17.6
-3.365	14.0
-3.370	12.4
-3.376	11.6
-3.381	12.4
-3.386	13.6
-3.392	16.0
-3.397	19.2
-3.402	22.8
-3.408	26.4
-3.413	29.2
-3.418	30.8
-3.424	32.0
-3.429	33.2
-3.434	34.0
-3.440	33.2
-3.445	30.0
-3.450	26.4
-3.456	24.0
-3.461	21.6
-3.466	18.8
-3.472	15.6
-3.477	13.2
-3.482	11.6
-3.488	11.2
-3.493	12.0
-3.498	13.6
-3.504	16.0
-3.509	19.2
-3.514	22.8
-3.520	26.4
-3.525	28.4
-3.530	30.0
-3.536	31.2
-3.541	32.0
-3.546	32.0
-3.552	30.0
-3.557	27.2
-3.562	24.4
-3.568	22.0
-3.573	19.2
-3.578	15.6
-3.584	12.8
-3.589	11.2
-3.594	10.8
-3.600	11.6
-3.605	13.2
-3.610	15.6
-3.616	18.8
-3.621	22.0
-3.626	25.2
-3.632	27.6
-3.637	29.2
-3.642	30.0
-3.647	30.8
-3.653	30.4
-3.658	27.6
-3.663	24.8
-3.669	22.4
-3.674	19.6
-3.679	16.8
-3.685	13.6
-3.690	11.6
-3.695	10.8
-3.701	11.2
-3.706	12.4
-3.711	14.4
-3.717	17.2
-3.722	20.4
-3.727	23.6
-3.733	26.0
-3.738	27.6
-3.743	28.4
-3.749	28.8
-3.754	28.0
-3.759	25.6
-3.765	23.2
-3.770	20.8
-3.775	18.4
-3.781	15.6
-3.786	12.8
-3.791	10.4
-3.797	9.6
-3.802	10.0
-3.807	11.2
-3.813	13.6
-3.818	16.4
-3.823	19.6
-3.829	22.4
-3.834	24.4
-3.839	25.6
-3.844	26.4
-3.850	26.4
-3.855	24.8
-3.860	22.8
-3.866	20.4
-3.871	18.0
-3.876	15.6
-3.882	13.2
-3.887	10.8
-3.892	9.6
-3.898	9.2
-3.903	9.6
-3.908	10.8
-3.914	12.8
-3.919	14.8
-3.924	17.6
-3.930	20.0
-3.935	21.6
-3.940	22.8
-3.946	23.2
-3.951	22.4
-3.956	20.4
-3.962	18.4
-3.967	16.4
-3.972	14.0
-3.978	11.6
-3.983	9.6
-3.988	8.8
-3.994	8.4
-3.999	9.2
-4.004	10.4
-4.009	12.4
-4.015	14.8
-4.020	17.2
-4.025	18.8
-4.031	20.0
-4.036	20.8
-4.041	20.8
-4.047	19.2
-4.052	17.6
-4.057	16.0
-4.063	14.0
-4.068	12.0
-4.073	10.0
-4.079	8.4
-4.084	7.6
-4.089	7.6
-4.095	8.4
-4.100	10.0
-4.105	12.0
-4.111	14.0
-4.116	15.6
-4.121	16.8
-4.127	18.0
-4.132	18.4
-4.137	17.6
-4.143	16.0
-4.148	14.4
-4.153	12.8
-4.158	11.2
-4.164	9.2
-4.169	7.6
-4.174	6.8
-4.180	6.8
-4.185	7.6
-4.190	8.8
-4.196	10.4
-4.201	12.4
-4.206	13.6
-4.212	14.4
-4.217	15.2
-4.222	15.6
-4.228	14.4
-4.233	13.2
-4.238	12.0
-4.244	10.8
-4.249	9.2
-4.254	7.6
-4.260	6.4
-4.265	6.0
-4.270	6.0
-4.275	6.8
-4.281	8.0
-4.286	9.2
-4.291	10.8
-4.297	11.6
-4.302	12.4
-4.307	12.8
-4.313	12.8
-4.318	11.6
-4.323	10.8
-4.329	10.0
-4.334	8.8
-4.339	7.2
-4.345	6.0
-4.350	5.2
-4.355	5.2
-4.361	5.6
-4.366	6.4
-4.371	7.6
-4.377	8.8
-4.382	9.6
-4.387	10.0
-4.392	10.4
-4.398	10.4
-4.403	10.0
-4.408	9.2
-4.414	8.4
-4.419	7.2
-4.424	6.0
-4.430	5.2
-4.435	4.8
-4.440	4.4
-4.446	4.8
-4.451	5.2
-4.456	6.0
-4.462	6.8
-4.467	7.6
-4.472	8.0
-4.478	8.4
-4.483	8.4
-4.488	7.6
-4.493	6.8
-4.499	6.0
-4.504	5.2
-4.509	4.8
-4.515	4.0
-4.520	3.6
-4.525	3.6
-4.531	4.0
-4.536	4.4
-4.541	4.8
-4.547	5.2
-4.552	5.6
-4.557	6.0
-4.563	6.4
-4.568	6.4
-4.573	6.0
-4.578	5.6
-4.584	4.8
-4.589	4.4
-4.594	3.6
-4.600	3.2
-4.605	3.2
-4.610	3.2
-4.616	3.6
-4.621	4.0
-4.626	4.4
-4.632	4.8
-4.637	4.8
-4.642	4.8
-4.648	4.8
-4.653	4.4
-4.658	4.4
-4.663	4.0
-4.669	3.6
-4.674	3.2
-4.679	2.8
-4.685	2.8
-4.690	2.8
-4.695	2.8
-4.701	2.8
-4.706	3.2
-4.711	3.2
-4.717	3.2
-4.722	3.6
-4.727	3.6
-4.733	3.6
-4.738	3.2
-4.743	3.2
-4.748	2.8
-4.754	2.4
-4.759	2.0
-4.764	2.0
-4.770	2.0
-4.775	2.0
-4.780	2.4
-4.786	2.4
-4.791	2.4
-4.796	2.4
-4.802	2.4
-4.807	2.4
-4.812	2.4
-4.818	2.4
-4.823	2.4
-4.828	2.0
-4.833	2.0
-4.839	2.0
-4.844	2.0
-4.849	2.0
-4.855	2.0
-4.860	2.0
-4.865	2.0
-4.871	2.0
-4.876	2.0
-4.881	2.0
-4.887	2.0
-4.892	2.0
-4.897	2.0
-4.902	2.0
-4.908	2.0
-4.913	1.6
-4.918	1.6
-4.924	1.6
-4.929	1.6
-4.934	1.6
-4.940	1.6
-4.945	1.6
-4.950	1.6
-4.956	1.6
-4.961	1.6
-4.966	1.6
-4.971	1.6
-4.977	1.2
-4.982	1.2
-4.987	1.2
-4.993	1.2
-4.998	1.2
-5.003	1.2
-5.009	1.2
-5.014	1.2
-5.019	1.2
-5.025	1.2
-5.030	1.2
-5.035	1.2
-5.040	1.2
-5.046	1.2
-5.051	1.2
-5.056	1.2
-5.062	1.2
-5.067	1.2
-5.072	1.2
-5.078	1.2
-5.083	1.2
-5.088	1.2
-5.094	1.2
-5.099	1.2
-5.104	1.2
-5.109	1.2
-5.115	1.2
-5.120	1.2
-5.125	1.2
-5.131	1.2
-5.136	1.2
-5.141	1.2
-5.147	1.2
-5.152	1.2
-5.157	1.2
-5.162	1.2
-5.168	1.2
-5.173	1.2
-5.178	1.2
-5.184	0.8
-5.189	0.8
-5.194	0.8
-5.200	0.8
-5.205	0.8
-5.210	0.8
-5.216	0.8
-5.221	0.8
-5.226	0.8
-5.231	0.8
-5.237	0.8
-5.242	0.8
-5.247	0.8
-5.253	0.8
-5.258	0.8
-5.263	0.8
-5.269	0.8
-5.274	0.8
-5.279	0.8
-5.284	0.8
-5.290	0.8
-5.295	0.8
-5.300	0.8
-5.306	0.8
-5.311	0.8
-5.316	0.8
-5.322	0.8
-5.327	0.8
-5.332	0.8
-5.337	0.8
-5.343	0.8
-5.348	0.8
-5.353	0.8
-5.359	0.8
-5.364	0.8
-5.369	0.8
-5.375	0.8
-5.380	0.8
-5.385	0.8
-5.390	0.8
-5.396	0.8
-5.401	0.8
-5.406	0.8
-5.412	0.8
-5.417	0.8
-5.422	0.8
-5.428	0.8
-5.433	0.8
-5.438	0.8
-5.443	0.8
-5.449	0.8
-5.454	0.8
