&a / °	I1 / %
5.459	0.4
5.454	0.4
5.449	0.4
5.443	0.4
5.438	0.4
5.433	0.4
5.428	0.4
5.422	0.4
5.417	0.4
5.412	0.4
5.406	0.4
5.401	0.4
5.396	0.4
5.390	0.4
5.385	0.4
5.380	0.4
5.375	0.4
5.369	0.4
5.364	0.4
5.359	0.4
5.353	0.4
5.348	0.4
5.343	0.4
5.337	0.4
5.332	0.4
5.327	0.4
5.322	0.4
5.316	0.4
5.311	0.4
5.306	0.4
5.300	0.4
5.295	0.4
5.290	0.4
5.284	0.4
5.279	0.4
5.274	0.4
5.269	0.4
5.263	0.4
5.258	0.4
5.253	0.4
5.247	0.4
5.242	0.4
5.237	0.4
5.231	0.4
5.226	0.4
5.221	0.4
5.216	0.4
5.210	0.4
5.205	0.4
5.200	0.4
5.194	0.4
5.189	0.4
5.184	0.4
5.178	0.4
5.173	0.4
5.168	0.4
5.162	0.4
5.157	0.4
5.152	0.4
5.147	0.4
5.141	0.4
5.136	0.4
5.131	0.4
5.125	0.4
5.120	0.4
5.115	0.4
5.109	0.4
5.104	0.4
5.099	0.4
5.094	0.4
5.088	0.4
5.083	0.4
5.078	0.4
5.072	0.4
5.067	0.4
5.062	0.4
5.056	0.4
5.051	0.4
5.046	0.4
5.040	0.4
5.035	0.4
5.030	0.4
5.025	0.4
5.019	0.4
5.014	0.4
5.009	0.4
5.003	0.4
4.998	0.4
4.993	0.4
4.987	0.4
4.982	0.4
4.977	0.4
4.971	0.4
4.966	0.4
4.961	0.4
4.956	0.4
4.950	0.4
4.945	0.4
4.940	0.4
4.934	0.4
4.929	0.4
4.924	0.4
4.918	0.4
4.913	0.4
4.908	0.4
4.902	0.4
4.897	0.4
4.892	0.4
4.887	0.4
4.881	0.4
4.876	0.4
4.871	0.4
4.865	0.4
4.860	0.4
4.855	0.4
4.849	0.4
4.844	0.4
4.839	0.4
4.833	0.4
4.828	0.4
4.823	0.4
4.818	0.8
4.812	0.8
4.807	0.8
4.802	0.8
4.796	0.8
4.791	0.8
4.786	0.8
4.780	0.8
4.775	0.8
4.770	0.8
4.764	0.8
4.759	0.8
4.754	0.8
4.748	0.8
4.743	0.8
4.738	0.8
4.733	0.8
4.727	0.8
4.722	0.8
4.717	0.8
4.711	0.8
4.706	0.8
4.701	0.8
4.695	0.8
4.690	0.8
4.685	0.8
4.679	0.8
4.674	0.8
4.669	0.8
4.663	0.8
4.658	0.8
4.653	0.8
4.648	0.8
4.642	0.8
4.637	0.8
4.632	0.8
4.626	0.8
4.621	0.8
4.616	0.8
4.610	0.8
4.605	0.8
4.600	0.8
4.594	0.8
4.589	0.8
4.584	0.8
4.578	0.8
4.573	0.8
4.568	0.8
4.563	0.8
4.557	0.8
4.552	1.2
4.547	1.2
4.541	1.2
4.536	1.2
4.531	1.2
4.525	1.2
4.520	1.2
4.515	1.2
4.509	1.2
4.504	1.2
4.499	1.2
4.493	1.2
4.488	1.2
4.483	1.2
4.478	1.2
4.472	1.2
4.467	1.2
4.462	1.2
4.456	1.2
4.451	1.2
4.446	1.2
4.440	1.2
4.435	1.6
4.430	1.6
4.424	1.6
4.419	1.6
4.414	1.6
4.408	1.6
4.403	1.6
4.398	1.6
4.392	1.6
4.387	1.6
4.382	1.6
4.377	1.6
4.371	1.6
4.366	1.6
4.361	1.6
4.355	1.6
4.350	1.6
4.345	1.6
4.339	1.6
4.334	1.6
4.329	2.0
4.323	2.0
4.318	2.0
4.313	2.0
4.307	2.0
4.302	2.0
4.297	2.0
4.291	2.0
4.286	2.0
4.281	2.0
4.275	2.0
4.270	2.0
4.265	2.0
4.260	2.0
4.254	2.0
4.249	2.0
4.244	2.4
4.238	2.4
4.233	2.4
4.228	2.4
4.222	2.4
4.217	2.4
4.212	2.4
4.206	2.4
4.201	2.4
4.196	2.4
4.190	2.4
4.185	2.4
4.180	2.4
4.174	2.4
4.169	2.8
4.164	2.8
4.158	2.8
4.153	2.8
4.148	2.8
4.143	2.8
4.137	2.8
4.132	2.8
4.127	2.8
4.121	2.8
4.116	2.8
4.111	2.8
4.105	2.8
4.100	2.8
4.095	2.8
4.089	2.8
4.084	2.8
4.079	3.2
4.073	3.6
4.068	3.6
4.063	3.6
4.057	3.6
4.052	4.0
4.047	4.0
4.041	4.0
4.036	4.0
4.031	4.0
4.025	4.0
4.020	4.0
4.015	4.0
4.009	4.0
4.004	4.0
3.999	4.0
3.994	4.0
3.988	4.0
3.983	4.0
3.978	4.4
3.972	4.8
3.967	4.8
3.962	5.2
3.956	5.2
3.951	5.6
3.946	5.6
3.940	5.6
3.935	5.6
3.930	5.6
3.924	5.6
3.919	5.6
3.914	5.6
3.908	5.2
3.903	4.8
3.898	4.4
3.892	4.4
3.887	4.8
3.882	5.6
3.876	6.4
3.871	6.4
3.866	6.4
3.860	6.4
3.855	6.8
3.850	7.6
3.844	8.0
3.839	8.0
3.834	7.6
3.829	7.6
3.823	7.6
3.818	7.6
3.813	7.2
3.807	6.8
3.802	6.4
3.797	6.4
3.791	6.4
3.786	6.8
3.781	7.6
3.775	8.4
3.770	8.8
3.765	8.8
3.759	8.8
3.754	9.6
3.749	10.8
3.743	11.6
3.738	11.6
3.733	10.8
3.727	10.4
3.722	10.4
3.717	10.4
3.711	10.0
3.706	8.8
3.701	8.0
3.695	7.6
3.690	7.6
3.685	8.4
3.679	9.2
3.674	10.0
3.669	10.8
3.663	11.2
3.658	11.2
3.653	12.0
3.647	13.2
3.642	14.4
3.637	14.4
3.632	13.6
3.626	12.8
3.621	12.4
3.616	12.4
3.610	12.0
3.605	11.2
3.600	10.4
3.594	9.6
3.589	9.2
3.584	9.2
3.578	10.0
3.573	10.8
3.568	11.6
3.562	12.4
3.557	12.8
3.552	13.6
3.546	14.8
3.541	16.4
3.536	17.6
3.530	17.6
3.525	16.8
3.520	15.6
3.514	14.8
3.509	14.8
3.504	14.8
3.498	14.0
3.493	12.8
3.488	11.6
3.482	10.8
3.477	10.8
3.472	11.6
3.466	12.8
3.461	13.6
3.456	14.8
3.450	15.6
3.445	16.4
3.440	17.2
3.434	18.4
3.429	19.6
3.424	20.4
3.418	20.4
3.413	19.6
3.408	19.2
3.402	18.4
3.397	17.6
3.392	16.8
3.386	15.6
3.381	14.4
3.376	13.2
3.370	12.8
3.365	12.8
3.360	13.6
3.354	14.8
3.349	15.6
3.344	16.4
3.338	17.2
3.333	18.4
3.328	19.6
3.322	21.2
3.317	22.0
3.312	22.4
3.306	22.0
3.301	21.6
3.296	21.2
3.291	20.8
3.285	20.4
3.280	19.2
3.275	17.6
3.269	15.6
3.264	13.6
3.259	12.4
3.253	12.0
3.248	12.4
3.243	13.2
3.237	14.4
3.232	15.6
3.227	16.8
3.221	18.4
3.216	20.0
3.211	22.0
3.205	24.0
3.200	25.2
3.195	25.2
3.189	24.8
3.184	24.0
3.179	23.6
3.173	23.2
3.168	22.8
3.163	21.6
3.157	20.0
3.152	18.0
3.147	16.4
3.141	14.8
3.136	14.4
3.131	15.2
3.125	16.4
3.120	17.6
3.115	18.8
3.109	19.6
3.104	20.4
3.099	21.2
3.093	22.8
3.088	25.2
3.083	27.2
3.077	28.0
3.072	27.6
3.067	26.8
3.061	25.6
3.056	24.8
3.051	24.8
3.045	24.0
3.040	22.8
3.035	21.2
3.029	19.2
3.024	17.2
3.019	15.6
3.013	14.8
3.008	15.2
3.003	16.4
2.997	18.0
2.992	20.0
2.987	21.2
2.981	21.6
2.976	22.0
2.971	23.2
2.965	25.2
2.960	28.0
2.955	29.6
2.949	29.6
2.944	28.8
2.939	27.2
2.933	26.0
2.928	25.6
2.923	26.0
2.917	25.6
2.912	24.4
2.907	22.0
2.901	19.6
2.896	17.2
2.891	15.6
2.885	14.8
2.880	14.8
2.875	16.0
2.869	18.0
2.864	20.0
2.859	21.6
2.853	22.4
2.848	22.4
2.843	22.8
2.837	24.4
2.832	27.2
2.827	30.4
2.821	32.0
2.816	32.0
2.811	30.4
2.805	28.0
2.800	26.4
2.795	26.0
2.789	26.4
2.784	26.4
2.779	24.8
2.773	22.4
2.768	19.6
2.763	17.2
2.757	15.6
2.752	14.4
2.747	14.4
2.741	15.6
2.736	18.0
2.731	20.4
2.725	22.4
2.720	23.6
2.715	23.6
2.709	23.2
2.704	23.2
2.699	24.4
2.693	28.0
2.688	31.6
2.683	33.6
2.677	33.2
2.672	31.6
2.667	28.8
2.661	26.4
2.656	25.6
2.651	26.0
2.645	27.2
2.640	27.2
2.635	26.0
2.629	23.2
2.624	20.4
2.619	18.0
2.613	16.0
2.608	14.8
2.602	14.8
2.597	16.0
2.592	18.0
2.586	21.2
2.581	23.6
2.576	24.8
2.570	24.8
2.565	24.4
2.560	24.0
2.554	24.8
2.549	27.2
2.544	31.6
2.538	35.2
2.533	36.4
2.528	35.6
2.522	32.8
2.517	29.6
2.512	27.2
2.506	26.8
2.501	27.6
2.496	28.8
2.490	28.8
2.485	27.2
2.480	24.4
2.474	21.2
2.469	18.4
2.464	16.4
2.458	15.2
2.453	14.8
2.448	15.2
2.442	16.4
2.437	18.8
2.432	21.6
2.426	24.4
2.421	26.0
2.416	26.4
2.410	26.0
2.405	25.2
2.400	25.6
2.394	27.6
2.389	31.6
2.384	36.0
2.378	38.4
2.373	38.4
2.368	35.6
2.362	32.0
2.357	28.8
2.352	26.8
2.346	26.8
2.341	28.4
2.336	30.0
2.330	30.4
2.325	28.8
2.320	26.0
2.314	22.4
2.309	19.6
2.304	17.2
2.298	15.6
2.293	14.8
2.288	14.8
2.282	15.6
2.277	17.2
2.272	20.4
2.266	24.0
2.261	26.8
2.256	28.0
2.250	28.0
2.245	26.8
2.240	26.0
2.234	26.0
2.229	27.2
2.223	30.4
2.218	34.8
2.213	38.8
2.207	40.8
2.202	39.6
2.197	36.4
2.191	32.4
2.186	28.8
2.181	26.8
2.175	26.8
2.170	28.0
2.165	30.0
2.159	30.8
2.154	30.0
2.149	27.6
2.143	24.8
2.138	21.6
2.133	19.2
2.127	17.2
2.122	15.6
2.117	14.8
2.111	14.8
2.106	15.6
2.101	17.2
2.095	20.0
2.090	23.6
2.085	27.2
2.079	29.2
2.074	29.6
2.069	28.8
2.063	27.6
2.058	26.8
2.053	26.4
2.047	27.6
2.042	30.8
2.037	36.0
2.031	40.8
2.026	43.2
2.021	42.8
2.015	39.6
2.010	35.6
2.005	32.0
1.999	28.8
1.994	27.2
1.989	27.2
1.983	28.8
1.978	31.2
1.972	33.2
1.967	32.8
1.962	30.4
1.956	26.8
1.951	23.2
1.946	20.0
1.940	17.6
1.935	16.0
1.930	15.2
1.924	14.8
1.919	14.8
1.914	15.2
1.908	16.4
1.903	18.8
1.898	22.0
1.892	25.6
1.887	28.8
1.882	30.4
1.876	30.8
1.871	29.6
1.866	28.4
1.860	27.2
1.855	26.4
1.850	26.8
1.844	29.2
1.839	33.2
1.834	38.4
1.828	42.8
1.823	45.2
1.818	44.4
1.812	41.6
1.807	37.6
1.802	33.6
1.796	30.0
1.791	27.6
1.786	26.8
1.780	27.6
1.775	30.0
1.769	32.8
1.764	34.8
1.759	35.2
1.753	33.2
1.748	30.0
1.743	26.4
1.737	22.8
1.732	20.0
1.727	18.0
1.721	16.8
1.716	15.6
1.711	15.2
1.705	14.8
1.700	15.2
1.695	16.0
1.689	17.6
1.684	20.4
1.679	23.6
1.673	27.2
1.668	30.0
1.663	31.6
1.657	32.0
1.652	31.6
1.647	30.4
1.641	29.2
1.636	28.0
1.631	27.6
1.625	28.0
1.620	29.6
1.615	32.8
1.609	37.6
1.604	43.2
1.599	47.2
1.593	48.8
1.588	47.6
1.582	44.4
1.577	40.4
1.572	36.0
1.566	32.4
1.561	29.2
1.556	27.6
1.550	27.2
1.545	28.0
1.540	30.4
1.534	33.6
1.529	36.4
1.524	38.0
1.518	37.2
1.513	34.8
1.508	31.2
1.502	27.2
1.497	23.6
1.492	20.8
1.486	18.4
1.481	17.2
1.476	16.0
1.470	15.2
1.465	14.8
1.460	14.8
1.454	15.2
1.449	15.6
1.444	16.8
1.438	18.4
1.433	20.8
1.428	23.6
1.422	27.2
1.417	30.4
1.411	33.2
1.406	34.8
1.401	35.2
1.395	34.4
1.390	32.8
1.385	31.2
1.379	30.0
1.374	28.8
1.369	28.0
1.363	28.0
1.358	28.8
1.353	31.2
1.347	34.8
1.342	39.6
1.337	45.2
1.331	49.6
1.326	51.6
1.321	51.2
1.315	48.8
1.310	45.2
1.305	40.8
1.299	36.8
1.294	33.2
1.289	30.4
1.283	28.4
1.278	27.6
1.273	28.0
1.267	28.8
1.262	30.8
1.256	33.6
1.251	36.0
1.246	38.0
1.240	38.8
1.235	38.8
1.230	37.2
1.224	34.8
1.219	31.6
1.214	28.0
1.208	24.8
1.203	22.4
1.198	20.4
1.192	18.8
1.187	17.6
1.182	16.8
1.176	16.0
1.171	15.6
1.166	15.6
1.160	15.6
1.155	15.6
1.150	16.0
1.144	16.4
1.139	17.2
1.134	18.4
1.128	20.0
1.123	22.4
1.118	25.2
1.112	28.0
1.107	30.8
1.101	33.2
1.096	34.8
1.091	36.0
1.085	36.0
1.080	35.6
1.075	34.8
1.069	33.6
1.064	32.4
1.059	31.2
1.053	30.0
1.048	29.2
1.043	28.4
1.037	28.4
1.032	29.2
1.027	30.8
1.021	33.6
1.016	36.8
1.011	40.8
1.005	44.8
1.000	48.8
0.995	52.4
0.989	54.8
0.984	55.6
0.979	54.8
0.973	52.8
0.968	50.0
0.962	46.8
0.957	43.2
0.952	39.6
0.946	36.4
0.941	33.6
0.936	31.6
0.930	30.0
0.925	29.2
0.920	28.8
0.914	28.4
0.909	28.0
0.904	27.6
0.898	28.0
0.893	28.8
0.888	30.4
0.882	32.8
0.877	35.6
0.872	38.8
0.866	40.8
0.861	41.6
0.856	41.2
0.850	39.6
0.845	37.2
0.840	34.4
0.834	31.2
0.829	28.8
0.823	26.4
0.818	24.4
0.813	22.4
0.807	20.8
0.802	19.2
0.797	18.0
0.791	17.6
0.786	17.2
0.781	16.8
0.775	16.4
0.770	16.0
0.765	16.0
0.759	15.6
0.754	15.6
0.749	15.6
0.743	15.6
0.738	16.0
0.733	16.4
0.727	16.8
0.722	17.2
0.717	18.0
0.711	18.8
0.706	20.0
0.701	21.2
0.695	22.8
0.690	24.4
0.684	26.0
0.679	28.0
0.674	29.6
0.668	31.6
0.663	33.6
0.658	35.2
0.652	36.4
0.647	37.6
0.642	38.0
0.636	38.4
0.631	38.8
0.626	38.8
0.620	38.4
0.615	37.6
0.610	36.8
0.604	36.0
0.599	35.2
0.594	34.4
0.588	33.6
0.583	32.8
0.578	32.0
0.572	31.6
0.567	31.2
0.561	30.8
0.556	30.8
0.551	30.8
0.545	30.8
0.540	31.2
0.535	31.6
0.529	32.4
0.524	32.8
0.519	32.8
0.513	32.8
0.508	33.2
0.503	34.0
0.497	35.2
0.492	37.2
0.487	40.0
0.481	42.4
0.476	45.2
0.471	47.2
0.465	48.8
0.460	50.0
0.455	51.2
0.449	52.0
0.444	52.8
0.438	53.2
0.433	54.4
0.428	55.2
0.422	56.0
0.417	56.0
0.412	55.6
0.406	54.8
0.401	54.0
0.396	52.8
0.390	51.2
0.385	50.0
0.380	48.8
0.374	47.2
0.369	45.6
0.364	44.0
0.358	42.4
0.353	40.8
0.348	39.6
0.342	38.8
0.337	37.6
0.332	36.8
0.326	36.0
0.321	35.2
0.316	34.4
0.310	33.6
0.305	33.2
0.299	32.8
0.294	32.4
0.289	32.0
0.283	31.6
0.278	31.2
0.273	31.2
0.267	31.2
0.262	31.2
0.257	31.2
0.251	31.2
0.246	31.2
0.241	31.6
0.235	31.6
0.230	31.6
0.225	31.2
0.219	30.8
0.214	30.4
0.209	30.0
0.203	30.4
0.198	31.2
0.193	32.0
0.187	33.2
0.182	34.4
0.176	35.2
0.171	36.4
0.166	36.8
0.160	37.2
0.155	37.6
0.150	38.0
0.144	38.4
0.139	38.4
0.134	38.8
0.128	39.2
0.123	39.6
0.118	40.0
0.112	40.4
0.107	40.4
0.102	40.8
0.096	40.8
0.091	41.2
0.086	41.2
0.080	41.2
0.075	41.2
0.070	41.6
0.064	41.6
0.059	41.6
0.053	42.0
0.048	42.0
0.043	42.0
0.037	42.0
0.032	42.0
0.027	42.4
0.021	42.4
0.016	42.4
0.011	42.4
0.005	42.4
0.000	42.0
-0.005	42.0
-0.011	42.0
-0.016	42.0
-0.021	42.0
-0.027	42.4
-0.032	42.4
-0.037	42.4
-0.043	42.4
-0.048	42.4
-0.053	42.4
-0.059	42.4
-0.064	42.4
-0.070	42.0
-0.075	41.6
-0.080	41.6
-0.086	41.2
-0.091	41.2
-0.096	40.8
-0.102	40.4
-0.107	40.0
-0.112	39.6
-0.118	39.6
-0.123	40.0
-0.128	40.4
-0.134	40.4
-0.139	40.0
-0.144	40.0
-0.150	39.6
-0.155	39.2
-0.160	38.8
-0.166	38.8
-0.171	38.4
-0.176	38.4
-0.182	38.4
-0.187	38.4
-0.193	38.0
-0.198	38.0
-0.203	37.6
-0.209	37.2
-0.214	36.8
-0.219	36.4
-0.225	36.0
-0.230	35.6
-0.235	35.2
-0.241	34.8
-0.246	34.8
-0.251	34.8
-0.257	34.8
-0.262	34.8
-0.267	34.8
-0.273	34.8
-0.278	34.8
-0.283	34.8
-0.289	34.8
-0.294	34.8
-0.299	34.8
-0.305	35.2
-0.310	36.0
-0.316	36.8
-0.321	37.6
-0.326	38.4
-0.332	38.8
-0.337	39.6
-0.342	40.4
-0.348	41.2
-0.353	42.0
-0.358	42.8
-0.364	43.6
-0.369	44.8
-0.374	45.6
-0.380	46.8
-0.385	47.6
-0.390	48.8
-0.396	49.6
-0.401	50.4
-0.406	51.2
-0.412	51.6
-0.417	52.0
-0.422	52.4
-0.428	53.2
-0.433	53.6
-0.438	54.0
-0.444	54.0
-0.449	54.0
-0.455	54.0
-0.460	54.0
-0.465	53.6
-0.471	53.2
-0.476	52.8
-0.481	52.0
-0.487	50.4
-0.492	49.2
-0.497	48.4
-0.503	48.4
-0.508	48.0
-0.513	47.6
-0.519	47.2
-0.524	46.4
-0.529	45.6
-0.535	44.4
-0.540	43.2
-0.545	42.0
-0.551	40.8
-0.556	39.6
-0.561	38.8
-0.567	38.0
-0.572	37.2
-0.578	36.8
-0.583	36.4
-0.588	36.0
-0.594	36.0
-0.599	36.0
-0.604	36.0
-0.610	36.0
-0.615	36.0
-0.620	36.0
-0.626	36.0
-0.631	36.0
-0.636	36.0
-0.642	36.0
-0.647	36.0
-0.652	35.6
-0.658	35.2
-0.663	34.8
-0.668	34.4
-0.674	33.6
-0.679	33.2
-0.684	32.4
-0.690	31.6
-0.695	30.8
-0.701	30.0
-0.706	29.2
-0.711	28.4
-0.717	27.2
-0.722	26.4
-0.727	25.2
-0.733	24.0
-0.738	22.8
-0.743	22.0
-0.749	21.2
-0.754	20.4
-0.759	19.6
-0.765	19.2
-0.770	18.8
-0.775	18.8
-0.781	18.8
-0.786	19.2
-0.791	19.6
-0.797	20.4
-0.802	21.2
-0.807	22.0
-0.813	23.2
-0.818	24.4
-0.823	25.6
-0.829	27.2
-0.834	28.4
-0.840	30.0
-0.845	31.6
-0.850	32.8
-0.856	34.0
-0.861	35.2
-0.866	36.4
-0.872	37.6
-0.877	38.4
-0.882	39.2
-0.888	40.0
-0.893	40.4
-0.898	40.8
-0.904	40.8
-0.909	40.8
-0.914	40.4
-0.920	40.4
-0.925	40.0
-0.930	39.6
-0.936	39.6
-0.941	40.0
-0.946	40.4
-0.952	41.6
-0.957	42.8
-0.962	44.8
-0.968	46.0
-0.973	47.2
-0.979	48.4
-0.984	49.6
-0.989	50.8
-0.995	51.6
-1.000	52.0
-1.005	52.0
-1.011	51.6
-1.016	51.2
-1.021	50.4
-1.027	49.6
-1.032	48.4
-1.037	47.2
-1.043	46.0
-1.048	44.4
-1.053	42.4
-1.059	40.8
-1.064	39.2
-1.069	38.4
-1.075	37.2
-1.080	36.8
-1.085	36.4
-1.091	36.0
-1.096	35.6
-1.101	35.2
-1.107	34.8
-1.112	34.0
-1.118	33.2
-1.123	32.4
-1.128	31.2
-1.134	30.0
-1.139	28.4
-1.144	26.4
-1.150	24.8
-1.155	23.2
-1.160	21.6
-1.166	20.8
-1.171	20.0
-1.176	19.6
-1.182	19.6
-1.187	19.6
-1.192	20.4
-1.198	21.6
-1.203	22.8
-1.208	24.4
-1.214	26.4
-1.219	28.0
-1.224	29.6
-1.230	31.2
-1.235	33.2
-1.240	34.8
-1.246	36.4
-1.251	38.0
-1.256	39.2
-1.262	39.6
-1.267	40.4
-1.273	40.8
-1.278	41.2
-1.283	41.2
-1.289	41.2
-1.294	41.6
-1.299	42.0
-1.305	42.8
-1.310	44.0
-1.315	45.6
-1.321	47.2
-1.326	48.0
-1.331	48.8
-1.337	49.2
-1.342	49.6
-1.347	49.6
-1.353	49.2
-1.358	48.8
-1.363	47.6
-1.369	46.0
-1.374	43.6
-1.379	41.2
-1.385	39.2
-1.390	37.6
-1.395	36.4
-1.401	35.6
-1.406	35.2
-1.411	34.8
-1.417	34.4
-1.422	33.6
-1.428	32.4
-1.433	31.2
-1.438	30.4
-1.444	28.8
-1.449	27.2
-1.454	25.6
-1.460	23.6
-1.465	22.0
-1.470	20.8
-1.476	20.4
-1.481	20.8
-1.486	21.2
-1.492	22.4
-1.497	24.0
-1.502	25.6
-1.508	27.6
-1.513	29.6
-1.518	31.6
-1.524	34.0
-1.529	36.0
-1.534	38.0
-1.540	39.2
-1.545	40.0
-1.550	40.4
-1.556	40.8
-1.561	40.4
-1.566	40.4
-1.572	40.8
-1.577	41.6
-1.582	43.2
-1.588	45.2
-1.593	46.8
-1.599	48.4
-1.604	49.2
-1.609	49.6
-1.615	49.2
-1.620	48.8
-1.625	48.0
-1.631	46.0
-1.636	43.2
-1.641	40.4
-1.647	38.0
-1.652	36.4
-1.657	35.2
-1.663	34.4
-1.668	34.0
-1.673	33.6
-1.679	32.8
-1.684	32.0
-1.689	30.8
-1.695	29.2
-1.700	26.8
-1.705	24.4
-1.711	22.4
-1.716	21.2
-1.721	20.8
-1.727	20.8
-1.732	21.6
-1.737	23.6
-1.743	26.0
-1.748	28.4
-1.753	30.8
-1.759	32.8
-1.764	34.4
-1.769	36.4
-1.775	38.0
-1.780	39.6
-1.786	40.8
-1.791	41.2
-1.796	41.2
-1.802	41.6
-1.807	42.4
-1.812	44.0
-1.818	45.6
-1.823	47.2
-1.828	48.8
-1.834	49.6
-1.839	50.0
-1.844	50.0
-1.850	48.8
-1.855	46.0
-1.860	42.8
-1.866	40.0
-1.871	37.6
-1.876	36.4
-1.882	35.6
-1.887	34.8
-1.892	34.0
-1.898	32.8
-1.903	31.2
-1.908	29.6
-1.914	27.2
-1.919	24.8
-1.924	22.4
-1.930	20.8
-1.935	20.4
-1.940	21.2
-1.946	22.4
-1.951	24.4
-1.956	27.2
-1.962	30.0
-1.967	32.8
-1.972	35.6
-1.978	37.6
-1.983	39.2
-1.989	40.4
-1.994	40.8
-1.999	40.4
-2.005	40.4
-2.010	41.2
-2.015	42.8
-2.021	44.8
-2.026	46.8
-2.031	48.0
-2.037	48.4
-2.042	48.4
-2.047	47.2
-2.053	44.8
-2.058	41.2
-2.063	38.0
-2.069	36.0
-2.074	34.8
-2.079	34.4
-2.085	34.0
-2.090	33.2
-2.095	32.0
-2.101	30.0
-2.106	27.6
-2.111	24.8
-2.117	22.0
-2.122	20.8
-2.127	20.4
-2.133	21.2
-2.138	22.8
-2.143	25.6
-2.149	28.8
-2.154	32.0
-2.159	35.2
-2.165	37.2
-2.170	39.2
-2.175	40.4
-2.181	40.4
-2.186	39.6
-2.191	39.6
-2.197	41.2
-2.202	43.2
-2.207	45.6
-2.213	47.2
-2.218	48.4
-2.223	48.4
-2.229	46.0
-2.234	42.0
-2.240	38.4
-2.245	35.6
-2.250	34.4
-2.256	34.0
-2.261	34.0
-2.266	33.6
-2.272	32.4
-2.277	30.0
-2.282	26.8
-2.288	23.6
-2.293	21.2
-2.298	20.0
-2.304	20.0
-2.309	21.2
-2.314	23.6
-2.320	26.8
-2.325	30.4
-2.330	33.6
-2.336	36.4
-2.341	38.0
-2.346	38.4
-2.352	38.0
-2.357	37.2
-2.362	37.6
-2.368	39.6
-2.373	42.8
-2.378	46.4
-2.384	48.8
-2.389	50.0
-2.394	48.8
-2.400	44.8
-2.405	40.4
-2.410	37.2
-2.416	35.6
-2.421	34.8
-2.426	34.0
-2.432	33.2
-2.437	31.2
-2.442	28.4
-2.448	24.8
-2.453	21.6
-2.458	20.0
-2.464	19.6
-2.469	20.8
-2.474	22.8
-2.480	26.0
-2.485	29.6
-2.490	33.2
-2.496	36.0
-2.501	37.6
-2.506	37.6
-2.512	36.4
-2.517	36.0
-2.522	37.2
-2.528	40.0
-2.533	44.0
-2.538	47.2
-2.544	49.2
-2.549	48.0
-2.554	43.6
-2.560	38.8
-2.565	35.6
-2.570	34.0
-2.576	33.2
-2.581	32.8
-2.586	32.4
-2.592	30.0
-2.597	26.0
-2.602	22.4
-2.608	20.0
-2.613	18.8
-2.619	19.2
-2.624	21.2
-2.629	24.0
-2.635	28.0
-2.640	32.0
-2.645	35.2
-2.651	37.2
-2.656	37.2
-2.661	36.0
-2.667	36.0
-2.672	37.2
-2.677	39.6
-2.683	42.4
-2.688	44.8
-2.693	45.2
-2.699	42.4
-2.704	37.6
-2.709	34.0
-2.715	32.4
-2.720	31.6
-2.725	31.6
-2.731	31.2
-2.736	29.6
-2.741	25.6
-2.747	22.0
-2.752	20.0
-2.757	19.2
-2.763	20.0
-2.768	22.4
-2.773	26.0
-2.779	30.0
-2.784	33.6
-2.789	36.0
-2.795	36.4
-2.800	35.6
-2.805	35.2
-2.811	36.4
-2.816	39.2
-2.821	42.8
-2.827	46.0
-2.832	46.0
-2.837	42.0
-2.843	36.8
-2.848	33.2
-2.853	31.6
-2.859	31.2
-2.864	30.8
-2.869	29.6
-2.875	26.8
-2.880	23.2
-2.885	20.4
-2.891	19.2
-2.896	19.6
-2.901	21.6
-2.907	24.4
-2.912	28.4
-2.917	32.0
-2.923	34.8
-2.928	35.6
-2.933	34.8
-2.939	34.8
-2.944	36.4
-2.949	39.6
-2.955	43.6
-2.960	46.4
-2.965	44.8
-2.971	40.0
-2.976	35.2
-2.981	32.4
-2.987	31.6
-2.992	31.2
-2.997	30.4
-3.003	28.0
-3.008	24.0
-3.013	20.8
-3.019	19.2
-3.024	19.2
-3.029	20.8
-3.035	23.6
-3.040	26.8
-3.045	30.4
-3.051	32.8
-3.056	33.6
-3.061	33.2
-3.067	33.2
-3.072	35.2
-3.077	38.8
-3.083	42.0
-3.088	43.2
-3.093	40.4
-3.099	35.6
-3.104	32.0
-3.109	30.4
-3.115	30.0
-3.120	29.2
-3.125	27.2
-3.131	23.6
-3.136	20.4
-3.141	18.8
-3.147	18.8
-3.152	20.0
-3.157	22.8
-3.163	26.4
-3.168	30.4
-3.173	33.2
-3.179	33.6
-3.184	32.8
-3.189	33.2
-3.195	35.6
-3.200	39.2
-3.205	41.2
-3.211	40.0
-3.216	34.8
-3.221	30.0
-3.227	27.2
-3.232	26.0
-3.237	25.6
-3.243	25.6
-3.248	23.2
-3.253	20.0
-3.259	18.0
-3.264	17.6
-3.269	18.0
-3.275	20.0
-3.280	22.4
-3.285	24.8
-3.291	26.8
-3.296	28.0
-3.301	28.8
-3.306	30.4
-3.312	33.2
-3.317	36.4
-3.322	38.8
-3.328	38.0
-3.333	34.4
-3.338	30.8
-3.344	28.8
-3.349	28.0
-3.354	27.2
-3.360	25.2
-3.365	22.0
-3.370	18.8
-3.376	17.6
-3.381	18.0
-3.386	20.0
-3.392	22.8
-3.397	26.0
-3.402	28.8
-3.408	30.4
-3.413	30.4
-3.418	30.8
-3.424	32.8
-3.429	35.2
-3.434	36.4
-3.440	35.6
-3.445	32.0
-3.450	28.4
-3.456	26.4
-3.461	25.2
-3.466	24.4
-3.472	22.8
-3.477	20.0
-3.482	17.6
-3.488	16.8
-3.493	17.6
-3.498	19.6
-3.504	22.4
-3.509	25.2
-3.514	27.6
-3.520	28.8
-3.525	29.2
-3.530	30.4
-3.536	32.0
-3.541	33.6
-3.546	34.0
-3.552	31.6
-3.557	28.4
-3.562	26.4
-3.568	24.8
-3.573	24.0
-3.578	22.4
-3.584	19.6
-3.589	17.2
-3.594	16.4
-3.600	17.2
-3.605	19.2
-3.610	21.2
-3.616	24.0
-3.621	26.4
-3.626	27.6
-3.632	28.4
-3.637	29.6
-3.642	31.2
-3.647	32.4
-3.653	32.0
-3.658	29.2
-3.663	26.4
-3.669	24.8
-3.674	23.6
-3.679	22.0
-3.685	20.0
-3.690	17.2
-3.695	15.6
-3.701	16.0
-3.706	17.6
-3.711	20.0
-3.717	22.4
-3.722	24.8
-3.727	26.4
-3.733	26.8
-3.738	27.6
-3.743	29.2
-3.749	30.0
-3.754	29.6
-3.759	27.2
-3.765	24.8
-3.770	22.8
-3.775	21.6
-3.781	20.0
-3.786	18.0
-3.791	15.6
-3.797	14.4
-3.802	14.8
-3.807	16.0
-3.813	18.4
-3.818	20.8
-3.823	23.2
-3.829	24.4
-3.834	24.8
-3.839	26.0
-3.844	27.2
-3.850	27.6
-3.855	26.4
-3.860	23.6
-3.866	21.6
-3.871	20.4
-3.876	19.2
-3.882	18.0
-3.887	16.0
-3.892	14.0
-3.898	13.6
-3.903	14.0
-3.908	15.2
-3.914	16.8
-3.919	18.4
-3.924	19.6
-3.930	20.8
-3.935	22.0
-3.940	23.6
-3.946	24.4
-3.951	23.6
-3.956	21.6
-3.962	19.2
-3.967	18.0
-3.972	17.2
-3.978	16.0
-3.983	14.0
-3.988	12.8
-3.994	12.4
-3.999	13.2
-4.004	14.4
-4.009	16.4
-4.015	18.0
-4.020	18.8
-4.025	19.6
-4.031	20.8
-4.036	22.0
-4.041	22.0
-4.047	20.4
-4.052	18.4
-4.057	17.2
-4.063	16.4
-4.068	15.6
-4.073	14.0
-4.079	12.4
-4.084	11.2
-4.089	10.8
-4.095	11.6
-4.100	13.2
-4.105	14.8
-4.111	16.0
-4.116	16.4
-4.121	17.6
-4.127	18.8
-4.132	19.2
-4.137	18.4
-4.143	16.8
-4.148	15.6
-4.153	14.8
-4.158	14.0
-4.164	12.8
-4.169	11.2
-4.174	10.0
-4.180	10.0
-4.185	10.8
-4.190	12.0
-4.196	13.6
-4.201	14.4
-4.206	14.4
-4.212	15.2
-4.217	16.0
-4.222	16.4
-4.228	15.6
-4.233	14.0
-4.238	12.8
-4.244	12.4
-4.249	11.6
-4.254	10.4
-4.260	9.2
-4.265	8.4
-4.270	8.8
-4.275	9.6
-4.281	10.8
-4.286	11.6
-4.291	12.0
-4.297	12.4
-4.302	13.2
-4.307	14.0
-4.313	14.0
-4.318	12.8
-4.323	11.6
-4.329	11.2
-4.334	10.8
-4.339	10.0
-4.345	8.8
-4.350	8.0
-4.355	7.6
-4.361	8.0
-4.366	8.8
-4.371	9.6
-4.377	10.0
-4.382	10.4
-4.387	11.2
-4.392	12.0
-4.398	12.0
-4.403	11.2
-4.408	10.0
-4.414	9.6
-4.419	9.2
-4.424	8.4
-4.430	7.2
-4.435	6.4
-4.440	6.0
-4.446	6.4
-4.451	7.2
-4.456	8.0
-4.462	8.4
-4.467	8.8
-4.472	9.2
-4.478	9.6
-4.483	9.6
-4.488	8.4
-4.493	7.6
-4.499	7.2
-4.504	6.8
-4.509	6.4
-4.515	5.6
-4.520	5.2
-4.525	5.2
-4.531	5.6
-4.536	6.4
-4.541	6.8
-4.547	6.8
-4.552	6.8
-4.557	7.2
-4.563	7.2
-4.568	7.2
-4.573	6.8
-4.578	6.4
-4.584	6.0
-4.589	5.6
-4.594	5.2
-4.600	4.8
-4.605	4.4
-4.610	4.4
-4.616	4.8
-4.621	5.2
-4.626	5.2
-4.632	5.2
-4.637	5.2
-4.642	5.6
-4.648	5.6
-4.653	5.2
-4.658	4.8
-4.663	4.8
-4.669	4.8
-4.674	4.4
-4.679	4.0
-4.685	3.6
-4.690	3.6
-4.695	3.6
-4.701	3.6
-4.706	4.0
-4.711	4.0
-4.717	4.0
-4.722	4.0
-4.727	4.0
-4.733	4.0
-4.738	3.6
-4.743	3.6
-4.748	3.6
-4.754	3.6
-4.759	3.2
-4.764	3.2
-4.770	3.2
-4.775	3.2
-4.780	3.2
-4.786	3.2
-4.791	3.2
-4.796	3.2
-4.802	3.2
-4.807	3.2
-4.812	3.2
-4.818	2.8
-4.823	2.8
-4.828	2.8
-4.833	2.8
-4.839	2.4
-4.844	2.4
-4.849	2.4
-4.855	2.4
-4.860	2.4
-4.865	2.4
-4.871	2.4
-4.876	2.4
-4.881	2.4
-4.887	2.4
-4.892	2.4
-4.897	2.0
-4.902	2.0
-4.908	2.0
-4.913	2.0
-4.918	2.0
-4.924	2.0
-4.929	2.0
-4.934	2.0
-4.940	2.0
-4.945	2.0
-4.950	2.0
-4.956	2.0
-4.961	2.0
-4.966	2.0
-4.971	1.6
-4.977	1.6
-4.982	1.6
-4.987	1.6
-4.993	1.6
-4.998	1.6
-5.003	1.6
-5.009	1.6
-5.014	1.6
-5.019	1.6
-5.025	1.6
-5.030	1.6
-5.035	1.6
-5.040	1.6
-5.046	1.6
-5.051	1.6
-5.056	1.6
-5.062	1.6
-5.067	1.6
-5.072	1.6
-5.078	1.6
-5.083	1.6
-5.088	1.6
-5.094	1.6
-5.099	1.6
-5.104	1.6
-5.109	1.6
-5.115	1.2
-5.120	1.2
-5.125	1.2
-5.131	1.2
-5.136	1.2
-5.141	1.2
-5.147	1.2
-5.152	1.2
-5.157	1.2
-5.162	1.2
-5.168	1.2
-5.173	1.2
-5.178	1.2
-5.184	1.2
-5.189	1.2
-5.194	1.2
-5.200	1.2
-5.205	1.2
-5.210	1.2
-5.216	1.2
-5.221	1.2
-5.226	1.2
-5.231	1.2
-5.237	1.2
-5.242	1.2
-5.247	1.2
-5.253	1.2
-5.258	1.2
-5.263	1.2
-5.269	1.2
-5.274	1.2
-5.279	1.2
-5.284	1.2
-5.290	1.2
-5.295	1.2
-5.300	1.2
-5.306	1.2
-5.311	1.2
-5.316	1.2
-5.322	1.2
-5.327	1.2
-5.332	1.2
-5.337	1.2
-5.343	1.2
-5.348	1.2
-5.353	1.2
-5.359	1.2
-5.364	1.2
-5.369	1.2
-5.375	1.2
-5.380	1.2
-5.385	1.2
-5.390	1.2
-5.396	1.2
-5.401	1.2
-5.406	1.2
-5.412	1.2
-5.417	1.2
-5.422	1.2
-5.428	1.2
-5.433	1.2
-5.438	1.2
-5.443	1.2
-5.449	1.2
-5.454	1.2
