&a / °	I1 / %
5.459	0.0
5.454	0.0
5.449	0.0
5.443	0.0
5.438	0.0
5.433	0.0
5.428	0.0
5.422	0.0
5.417	0.0
5.412	0.0
5.406	0.0
5.401	0.0
5.396	0.0
5.390	0.0
5.385	0.0
5.380	0.0
5.375	0.0
5.369	0.0
5.364	0.0
5.359	0.0
5.353	0.0
5.348	0.0
5.343	0.0
5.337	0.0
5.332	0.0
5.327	0.0
5.322	0.0
5.316	0.0
5.311	0.0
5.306	0.0
5.300	0.0
5.295	0.0
5.290	0.0
5.284	0.0
5.279	0.0
5.274	0.0
5.269	0.0
5.263	0.0
5.258	0.0
5.253	0.0
5.247	0.0
5.242	0.0
5.237	0.0
5.231	0.0
5.226	0.0
5.221	0.0
5.216	0.0
5.210	0.0
5.205	0.0
5.200	0.0
5.194	0.0
5.189	0.0
5.184	0.0
5.178	0.0
5.173	0.0
5.168	0.0
5.162	0.0
5.157	0.0
5.152	0.0
5.147	0.0
5.141	0.0
5.136	0.0
5.131	0.0
5.125	0.0
5.120	0.0
5.115	0.0
5.109	0.0
5.104	0.0
5.099	0.0
5.094	0.0
5.088	0.0
5.083	0.0
5.078	0.0
5.072	0.0
5.067	0.0
5.062	0.0
5.056	0.0
5.051	0.0
5.046	0.0
5.040	0.0
5.035	0.0
5.030	0.0
5.025	0.0
5.019	0.0
5.014	0.0
5.009	0.0
5.003	0.0
4.998	0.0
4.993	0.0
4.987	0.0
4.982	0.0
4.977	0.0
4.971	0.0
4.966	0.0
4.961	0.0
4.956	0.0
4.950	0.0
4.945	0.0
4.940	0.0
4.934	0.0
4.929	0.0
4.924	0.0
4.918	0.0
4.913	0.0
4.908	0.0
4.902	0.0
4.897	0.0
4.892	0.0
4.887	0.0
4.881	0.0
4.876	0.0
4.871	0.0
4.865	0.0
4.860	0.0
4.855	0.0
4.849	0.0
4.844	0.0
4.839	0.4
4.833	0.4
4.828	0.4
4.823	0.4
4.818	0.4
4.812	0.4
4.807	0.4
4.802	0.4
4.796	0.4
4.791	0.4
4.786	0.4
4.780	0.4
4.775	0.4
4.770	0.4
4.764	0.4
4.759	0.4
4.754	0.4
4.748	0.4
4.743	0.4
4.738	0.4
4.733	0.4
4.727	0.4
4.722	0.4
4.717	0.4
4.711	0.4
4.706	0.4
4.701	0.4
4.695	0.4
4.690	0.4
4.685	0.4
4.679	0.4
4.674	0.4
4.669	0.4
4.663	0.4
4.658	0.4
4.653	0.4
4.648	0.4
4.642	0.4
4.637	0.4
4.632	0.4
4.626	0.4
4.621	0.4
4.616	0.4
4.610	0.4
4.605	0.4
4.600	0.4
4.594	0.4
4.589	0.4
4.584	0.4
4.578	0.4
4.573	0.4
4.568	0.4
4.563	0.4
4.557	0.4
4.552	0.4
4.547	0.4
4.541	0.4
4.536	0.4
4.531	0.8
4.525	0.8
4.520	0.8
4.515	0.8
4.509	0.8
4.504	0.8
4.499	0.8
4.493	0.8
4.488	0.8
4.483	0.8
4.478	0.8
4.472	0.8
4.467	0.8
4.462	0.8
4.456	0.8
4.451	0.8
4.446	0.8
4.440	0.8
4.435	0.8
4.430	0.8
4.424	0.8
4.419	0.8
4.414	0.8
4.408	0.8
4.403	0.8
4.398	0.8
4.392	0.8
4.387	0.8
4.382	0.8
4.377	0.8
4.371	0.8
4.366	0.8
4.361	0.8
4.355	0.8
4.350	0.8
4.345	1.2
4.339	1.2
4.334	1.2
4.329	1.2
4.323	1.2
4.318	1.2
4.313	1.2
4.307	1.2
4.302	1.2
4.297	1.2
4.291	1.2
4.286	1.2
4.281	1.2
4.275	1.2
4.270	1.2
4.265	1.2
4.260	1.2
4.254	1.2
4.249	1.6
4.244	1.6
4.238	1.6
4.233	1.6
4.228	1.6
4.222	1.6
4.217	1.6
4.212	1.6
4.206	1.6
4.201	1.6
4.196	1.6
4.190	1.6
4.185	1.6
4.180	1.6
4.174	1.6
4.169	1.6
4.164	1.6
4.158	2.0
4.153	2.0
4.148	2.4
4.143	2.4
4.137	2.4
4.132	2.4
4.127	2.4
4.121	2.4
4.116	2.0
4.111	2.0
4.105	2.0
4.100	2.0
4.095	2.0
4.089	2.0
4.084	2.0
4.079	2.0
4.073	2.4
4.068	2.4
4.063	2.8
4.057	3.2
4.052	3.2
4.047	3.2
4.041	3.2
4.036	3.2
4.031	3.2
4.025	3.2
4.020	3.2
4.015	2.8
4.009	2.8
4.004	2.4
3.999	2.4
3.994	2.4
3.988	2.4
3.983	2.4
3.978	2.8
3.972	3.2
3.967	3.6
3.962	4.0
3.956	4.4
3.951	4.8
3.946	4.8
3.940	4.8
3.935	4.4
3.930	4.4
3.924	4.0
3.919	4.0
3.914	3.6
3.908	3.2
3.903	3.2
3.898	3.2
3.892	3.2
3.887	3.2
3.882	3.6
3.876	4.0
3.871	4.8
3.866	5.2
3.860	5.6
3.855	6.0
3.850	6.4
3.844	6.8
3.839	6.8
3.834	6.4
3.829	6.0
3.823	5.6
3.818	5.2
3.813	4.8
3.807	4.4
3.802	4.0
3.797	4.0
3.791	4.0
3.786	4.0
3.781	4.4
3.775	5.6
3.770	6.4
3.765	7.2
3.759	7.6
3.754	8.4
3.749	9.2
3.743	10.0
3.738	10.0
3.733	9.6
3.727	9.2
3.722	8.4
3.717	7.2
3.711	6.4
3.706	5.6
3.701	4.8
3.695	4.4
3.690	4.4
3.685	4.8
3.679	5.6
3.674	6.4
3.669	7.6
3.663	8.8
3.658	10.0
3.653	11.2
3.647	12.4
3.642	13.2
3.637	13.2
3.632	12.8
3.626	12.4
3.621	11.6
3.616	10.0
3.610	8.4
3.605	7.2
3.600	6.4
3.594	6.0
3.589	5.6
3.584	5.6
3.578	6.0
3.573	6.8
3.568	7.6
3.562	8.8
3.557	10.4
3.552	12.4
3.546	14.0
3.541	15.2
3.536	16.4
3.530	16.4
3.525	15.6
3.520	14.8
3.514	13.6
3.509	12.0
3.504	10.4
3.498	9.2
3.493	8.0
3.488	7.2
3.482	6.8
3.477	6.8
3.472	6.8
3.466	7.6
3.461	8.8
3.456	10.4
3.450	12.0
3.445	13.6
3.440	15.2
3.434	16.8
3.429	18.4
3.424	19.2
3.418	19.2
3.413	18.8
3.408	17.6
3.402	16.0
3.397	14.0
3.392	12.0
3.386	10.4
3.381	8.8
3.376	8.0
3.370	7.6
3.365	7.6
3.360	8.0
3.354	8.8
3.349	10.0
3.344	11.6
3.338	13.6
3.333	15.2
3.328	17.2
3.322	19.2
3.317	20.4
3.312	20.8
3.306	20.8
3.301	20.4
3.296	19.6
3.291	18.0
3.285	16.0
3.280	13.6
3.275	11.6
3.269	9.6
3.264	8.4
3.259	7.6
3.253	7.2
3.248	7.2
3.243	7.6
3.237	8.4
3.232	10.4
3.227	12.8
3.221	14.8
3.216	17.2
3.211	19.6
3.205	22.0
3.200	23.2
3.195	23.6
3.189	23.6
3.184	22.8
3.179	21.6
3.173	19.6
3.168	17.6
3.163	15.2
3.157	12.8
3.152	10.8
3.147	9.6
3.141	8.8
3.136	8.4
3.131	8.4
3.125	9.2
3.120	10.4
3.115	12.0
3.109	14.0
3.104	16.0
3.099	18.4
3.093	20.8
3.088	23.2
3.083	24.8
3.077	25.6
3.072	25.6
3.067	25.2
3.061	24.4
3.056	22.8
3.051	20.4
3.045	18.0
3.040	15.2
3.035	12.8
3.029	11.2
3.024	10.0
3.019	9.2
3.013	8.8
3.008	8.8
3.003	9.2
2.997	10.0
2.992	11.6
2.987	14.0
2.981	16.4
2.976	18.8
2.971	20.8
2.965	23.2
2.960	25.6
2.955	27.2
2.949	27.2
2.944	26.8
2.939	26.4
2.933	25.2
2.928	23.6
2.923	20.8
2.917	18.0
2.912	15.2
2.907	12.8
2.901	11.2
2.896	9.6
2.891	8.8
2.885	8.4
2.880	8.8
2.875	8.8
2.869	9.6
2.864	10.8
2.859	13.2
2.853	15.6
2.848	18.0
2.843	20.4
2.837	22.8
2.832	25.6
2.827	28.0
2.821	29.2
2.816	29.2
2.811	28.8
2.805	28.0
2.800	26.4
2.795	24.4
2.789	21.6
2.784	18.4
2.779	15.6
2.773	13.2
2.768	11.2
2.763	9.6
2.757	8.8
2.752	8.4
2.747	8.4
2.741	8.8
2.736	9.2
2.731	10.0
2.725	11.6
2.720	14.0
2.715	16.8
2.709	19.2
2.704	21.2
2.699	23.2
2.693	26.0
2.688	28.8
2.683	30.4
2.677	30.0
2.672	29.2
2.667	28.4
2.661	27.6
2.656	26.0
2.651	23.2
2.645	20.0
2.640	17.2
2.635	14.8
2.629	12.4
2.624	10.8
2.619	10.0
2.613	9.2
2.608	8.8
2.602	8.8
2.597	8.8
2.592	9.2
2.586	10.0
2.581	11.6
2.576	14.0
2.570	17.2
2.565	20.0
2.560	22.0
2.554	24.0
2.549	26.4
2.544	29.2
2.538	32.0
2.533	32.8
2.528	32.0
2.522	30.8
2.517	30.0
2.512	29.2
2.506	27.2
2.501	24.4
2.496	21.2
2.490	17.6
2.485	14.8
2.480	12.4
2.474	10.8
2.469	10.0
2.464	9.2
2.458	8.8
2.453	8.4
2.448	8.4
2.442	8.8
2.437	9.2
2.432	10.0
2.426	12.0
2.421	14.8
2.416	18.0
2.410	21.2
2.405	23.6
2.400	25.2
2.394	27.2
2.389	30.4
2.384	33.2
2.378	34.4
2.373	34.0
2.368	32.4
2.362	30.8
2.357	30.0
2.352	29.2
2.346	27.6
2.341	24.8
2.336	21.2
2.330	18.0
2.325	15.2
2.320	12.8
2.314	11.2
2.309	10.0
2.304	9.2
2.298	8.8
2.293	8.8
2.288	8.4
2.282	8.8
2.277	9.2
2.272	9.6
2.266	10.8
2.261	12.8
2.256	15.6
2.250	18.8
2.245	22.0
2.240	24.4
2.234	26.0
2.229	27.2
2.223	29.6
2.218	32.8
2.213	35.2
2.207	36.0
2.202	34.8
2.197	32.8
2.191	31.2
2.186	30.4
2.181	30.0
2.175	28.4
2.170	25.6
2.165	22.0
2.159	18.8
2.154	16.0
2.149	13.6
2.143	12.0
2.138	10.8
2.133	10.0
2.127	9.6
2.122	9.2
2.117	9.2
2.111	9.2
2.106	9.2
2.101	9.6
2.095	10.0
2.090	10.8
2.085	12.4
2.079	14.4
2.074	17.6
2.069	21.2
2.063	24.0
2.058	26.0
2.053	27.2
2.047	28.4
2.042	30.8
2.037	34.0
2.031	37.2
2.026	38.4
2.021	37.2
2.015	35.2
2.010	33.2
2.005	32.0
1.999	31.6
1.994	31.2
1.989	29.6
1.983	26.8
1.978	23.2
1.972	20.0
1.967	16.8
1.962	14.4
1.956	12.4
1.951	11.2
1.946	10.0
1.940	9.6
1.935	9.2
1.930	9.2
1.924	9.2
1.919	9.2
1.914	9.2
1.908	9.6
1.903	10.0
1.898	10.4
1.892	11.2
1.887	12.8
1.882	14.8
1.876	18.0
1.871	21.6
1.866	24.8
1.860	26.8
1.855	28.0
1.850	28.8
1.844	30.0
1.839	32.4
1.834	35.6
1.828	38.4
1.823	39.6
1.818	38.8
1.812	36.8
1.807	34.4
1.802	32.8
1.796	32.4
1.791	32.4
1.786	32.0
1.780	30.4
1.775	27.6
1.769	24.0
1.764	20.4
1.759	17.6
1.753	15.2
1.748	13.2
1.743	12.0
1.737	11.2
1.732	10.4
1.727	10.0
1.721	9.6
1.716	9.2
1.711	9.2
1.705	9.2
1.700	9.2
1.695	9.6
1.689	10.0
1.684	10.4
1.679	10.8
1.673	11.6
1.668	12.8
1.663	14.8
1.657	17.2
1.652	20.8
1.647	24.4
1.641	27.2
1.636	28.8
1.631	29.6
1.625	30.4
1.620	31.2
1.615	32.8
1.609	36.0
1.604	39.2
1.599	42.0
1.593	42.4
1.588	41.2
1.582	38.8
1.577	36.4
1.572	34.4
1.566	33.6
1.561	33.6
1.556	33.6
1.550	33.2
1.545	31.6
1.540	28.8
1.534	26.0
1.529	22.4
1.524	19.6
1.518	17.2
1.513	15.2
1.508	13.6
1.502	12.0
1.497	11.2
1.492	10.4
1.486	10.0
1.481	9.6
1.476	9.2
1.470	9.2
1.465	9.2
1.460	9.2
1.454	9.2
1.449	9.6
1.444	9.6
1.438	10.0
1.433	10.4
1.428	10.8
1.422	11.6
1.417	12.8
1.411	14.4
1.406	16.4
1.401	19.2
1.395	22.4
1.390	25.6
1.385	28.4
1.379	30.0
1.374	30.8
1.369	31.2
1.363	31.2
1.358	31.2
1.353	32.4
1.347	34.4
1.342	37.6
1.337	41.2
1.331	44.0
1.326	44.8
1.321	44.0
1.315	42.0
1.310	39.6
1.305	36.8
1.299	34.8
1.294	34.0
1.289	34.4
1.283	34.8
1.278	35.2
1.273	34.8
1.267	33.6
1.262	31.2
1.256	28.4
1.251	25.2
1.246	22.0
1.240	19.2
1.235	17.2
1.230	15.6
1.224	14.0
1.219	12.8
1.214	12.0
1.208	11.2
1.203	10.8
1.198	10.4
1.192	10.0
1.187	9.6
1.182	9.6
1.176	9.6
1.171	9.6
1.166	9.6
1.160	9.6
1.155	9.6
1.150	9.6
1.144	9.6
1.139	10.0
1.134	10.0
1.128	10.4
1.123	10.4
1.118	10.8
1.112	11.6
1.107	12.4
1.101	13.6
1.096	14.8
1.091	16.8
1.085	18.8
1.080	21.6
1.075	24.4
1.069	27.2
1.064	29.6
1.059	31.2
1.053	32.4
1.048	32.8
1.043	32.4
1.037	32.4
1.032	32.8
1.027	33.6
1.021	35.2
1.016	37.2
1.011	39.6
1.005	42.4
1.000	45.2
0.995	47.2
0.989	48.0
0.984	48.0
0.979	47.2
0.973	45.2
0.968	43.2
0.962	41.2
0.957	39.2
0.952	37.6
0.946	36.4
0.941	36.0
0.936	36.0
0.930	36.8
0.925	37.6
0.920	37.6
0.914	36.8
0.909	35.2
0.904	32.8
0.898	30.0
0.893	27.6
0.888	25.2
0.882	23.2
0.877	21.6
0.872	20.4
0.866	19.2
0.861	18.0
0.856	16.8
0.850	15.6
0.845	14.4
0.840	13.6
0.834	12.8
0.829	12.4
0.823	11.6
0.818	11.2
0.813	10.8
0.807	10.4
0.802	10.0
0.797	10.0
0.791	10.0
0.786	10.0
0.781	9.6
0.775	9.6
0.770	9.6
0.765	9.6
0.759	9.6
0.754	9.6
0.749	9.6
0.743	9.6
0.738	9.6
0.733	9.6
0.727	9.6
0.722	10.0
0.717	10.0
0.711	10.0
0.706	10.0
0.701	10.4
0.695	10.4
0.690	10.8
0.684	11.2
0.679	11.6
0.674	12.0
0.668	12.8
0.663	13.2
0.658	14.0
0.652	14.8
0.647	15.6
0.642	16.8
0.636	18.0
0.631	19.6
0.626	21.2
0.620	22.8
0.615	24.4
0.610	26.0
0.604	27.6
0.599	29.2
0.594	30.8
0.588	32.0
0.583	32.8
0.578	33.2
0.572	34.0
0.567	34.4
0.561	34.8
0.556	35.2
0.551	35.6
0.545	36.0
0.540	36.0
0.535	36.0
0.529	36.4
0.524	36.8
0.519	36.4
0.513	36.0
0.508	35.6
0.503	35.2
0.497	35.6
0.492	36.4
0.487	38.4
0.481	40.4
0.476	42.4
0.471	44.0
0.465	44.8
0.460	45.6
0.455	46.4
0.449	46.8
0.444	47.2
0.438	47.6
0.433	48.4
0.428	49.2
0.422	49.6
0.417	49.6
0.412	49.2
0.406	48.8
0.401	47.6
0.396	46.8
0.390	45.6
0.385	44.8
0.380	44.0
0.374	43.2
0.369	42.4
0.364	41.6
0.358	40.8
0.353	40.0
0.348	39.6
0.342	39.2
0.337	39.2
0.332	39.2
0.326	39.2
0.321	39.2
0.316	39.2
0.310	39.6
0.305	40.0
0.299	40.0
0.294	40.0
0.289	40.0
0.283	40.0
0.278	40.0
0.273	40.0
0.267	40.0
0.262	40.0
0.257	40.0
0.251	40.0
0.246	40.0
0.241	39.6
0.235	39.2
0.230	38.8
0.225	38.0
0.219	36.8
0.214	35.6
0.209	34.0
0.203	32.8
0.198	32.4
0.193	32.8
0.187	33.6
0.182	34.4
0.176	35.2
0.171	35.6
0.166	35.2
0.160	34.8
0.155	34.0
0.150	33.6
0.144	33.2
0.139	32.8
0.134	32.4
0.128	32.0
0.123	32.0
0.118	31.6
0.112	31.2
0.107	30.8
0.102	30.4
0.096	30.0
0.091	30.0
0.086	29.6
0.080	29.2
0.075	29.2
0.070	28.8
0.064	28.8
0.059	28.8
0.053	28.4
0.048	28.0
0.043	27.6
0.037	27.6
0.032	27.6
0.027	27.6
0.021	27.6
0.016	27.6
0.011	27.6
0.005	27.6
0.000	27.6
-0.005	27.6
-0.011	27.6
-0.016	27.6
-0.021	27.6
-0.027	27.6
-0.032	28.0
-0.037	28.0
-0.043	28.4
-0.048	28.4
-0.053	28.4
-0.059	28.4
-0.064	28.4
-0.070	28.8
-0.075	28.8
-0.080	28.8
-0.086	29.2
-0.091	29.2
-0.096	29.6
-0.102	29.6
-0.107	29.6
-0.112	29.6
-0.118	29.6
-0.123	30.0
-0.128	30.8
-0.134	31.6
-0.139	32.0
-0.144	32.4
-0.150	32.8
-0.155	33.2
-0.160	33.2
-0.166	33.6
-0.171	34.0
-0.176	34.4
-0.182	34.8
-0.187	35.2
-0.193	35.6
-0.198	36.0
-0.203	36.4
-0.209	37.2
-0.214	37.6
-0.219	37.6
-0.225	37.6
-0.230	38.0
-0.235	38.4
-0.241	38.4
-0.246	38.4
-0.251	38.4
-0.257	38.8
-0.262	39.2
-0.267	39.6
-0.273	40.0
-0.278	40.0
-0.283	40.0
-0.289	40.0
-0.294	40.0
-0.299	40.4
-0.305	41.2
-0.310	41.6
-0.316	42.0
-0.321	42.4
-0.326	42.8
-0.332	43.2
-0.337	43.6
-0.342	44.0
-0.348	44.4
-0.353	44.4
-0.358	44.8
-0.364	44.8
-0.369	45.2
-0.374	45.6
-0.380	46.0
-0.385	46.4
-0.390	47.2
-0.396	47.6
-0.401	48.0
-0.406	48.4
-0.412	48.8
-0.417	48.8
-0.422	49.2
-0.428	49.6
-0.433	50.4
-0.438	50.4
-0.444	50.8
-0.449	50.8
-0.455	51.2
-0.460	51.2
-0.465	51.2
-0.471	50.8
-0.476	50.4
-0.481	50.0
-0.487	49.2
-0.492	48.0
-0.497	47.6
-0.503	47.2
-0.508	46.8
-0.513	46.8
-0.519	46.4
-0.524	46.0
-0.529	45.6
-0.535	44.8
-0.540	43.6
-0.545	42.4
-0.551	41.2
-0.556	40.0
-0.561	38.8
-0.567	38.0
-0.572	36.8
-0.578	36.0
-0.583	34.8
-0.588	33.6
-0.594	33.2
-0.599	32.4
-0.604	31.6
-0.610	30.8
-0.615	29.6
-0.620	28.4
-0.626	27.6
-0.631	26.8
-0.636	26.0
-0.642	25.2
-0.647	24.0
-0.652	22.8
-0.658	21.6
-0.663	20.4
-0.668	19.6
-0.674	18.4
-0.679	17.6
-0.684	16.4
-0.690	15.6
-0.695	14.8
-0.701	14.0
-0.706	13.2
-0.711	12.4
-0.717	12.0
-0.722	11.6
-0.727	11.2
-0.733	10.8
-0.738	10.4
-0.743	10.4
-0.749	10.4
-0.754	10.4
-0.759	10.4
-0.765	10.4
-0.770	10.4
-0.775	10.4
-0.781	10.4
-0.786	10.4
-0.791	10.4
-0.797	10.4
-0.802	10.4
-0.807	10.8
-0.813	11.2
-0.818	11.6
-0.823	12.0
-0.829	12.4
-0.834	13.2
-0.840	14.0
-0.845	14.8
-0.850	15.6
-0.856	16.8
-0.861	18.0
-0.866	19.2
-0.872	20.8
-0.877	22.0
-0.882	23.6
-0.888	25.2
-0.893	27.2
-0.898	28.8
-0.904	30.8
-0.909	32.8
-0.914	34.4
-0.920	36.0
-0.925	37.2
-0.930	38.4
-0.936	39.2
-0.941	40.4
-0.946	41.6
-0.952	43.2
-0.957	44.4
-0.962	45.6
-0.968	46.4
-0.973	47.2
-0.979	48.0
-0.984	48.8
-0.989	49.6
-0.995	50.0
-1.000	50.4
-1.005	50.0
-1.011	50.0
-1.016	49.6
-1.021	49.2
-1.027	48.4
-1.032	47.2
-1.037	46.0
-1.043	44.4
-1.048	42.8
-1.053	40.8
-1.059	38.4
-1.064	36.4
-1.069	34.4
-1.075	32.4
-1.080	30.8
-1.085	29.2
-1.091	27.6
-1.096	26.0
-1.101	24.4
-1.107	22.8
-1.112	20.8
-1.118	18.8
-1.123	17.2
-1.128	15.6
-1.134	14.0
-1.139	12.8
-1.144	11.6
-1.150	10.8
-1.155	10.4
-1.160	10.0
-1.166	10.0
-1.171	10.0
-1.176	10.0
-1.182	10.4
-1.187	10.4
-1.192	10.8
-1.198	11.2
-1.203	11.6
-1.208	12.0
-1.214	12.8
-1.219	13.6
-1.224	14.8
-1.230	16.0
-1.235	17.2
-1.240	18.8
-1.246	20.8
-1.251	22.8
-1.256	25.2
-1.262	27.6
-1.267	30.0
-1.273	32.4
-1.278	34.8
-1.283	36.8
-1.289	38.8
-1.294	40.8
-1.299	42.8
-1.305	44.4
-1.310	46.0
-1.315	47.2
-1.321	47.6
-1.326	48.0
-1.331	48.4
-1.337	48.4
-1.342	48.4
-1.347	48.4
-1.353	48.0
-1.358	47.2
-1.363	45.6
-1.369	44.0
-1.374	41.6
-1.379	38.8
-1.385	36.0
-1.390	33.2
-1.395	31.2
-1.401	29.6
-1.406	27.6
-1.411	25.6
-1.417	23.6
-1.422	21.2
-1.428	19.2
-1.433	16.8
-1.438	14.8
-1.444	13.2
-1.449	12.0
-1.454	11.2
-1.460	10.8
-1.465	10.4
-1.470	10.4
-1.476	10.4
-1.481	10.4
-1.486	10.8
-1.492	11.2
-1.497	12.0
-1.502	12.8
-1.508	14.0
-1.513	15.2
-1.518	16.8
-1.524	18.8
-1.529	20.8
-1.534	23.6
-1.540	26.4
-1.545	29.2
-1.550	32.0
-1.556	34.4
-1.561	36.4
-1.566	38.8
-1.572	41.2
-1.577	43.2
-1.582	44.8
-1.588	46.4
-1.593	47.2
-1.599	47.6
-1.604	47.6
-1.609	47.6
-1.615	47.2
-1.620	46.4
-1.625	45.2
-1.631	43.2
-1.636	40.4
-1.641	37.2
-1.647	34.0
-1.652	31.2
-1.657	28.8
-1.663	26.8
-1.668	24.8
-1.673	22.4
-1.679	19.6
-1.684	17.2
-1.689	15.2
-1.695	13.6
-1.700	12.0
-1.705	11.2
-1.711	10.8
-1.716	10.4
-1.721	10.4
-1.727	10.4
-1.732	10.8
-1.737	11.6
-1.743	12.8
-1.748	14.4
-1.753	16.0
-1.759	17.6
-1.764	20.0
-1.769	22.4
-1.775	25.2
-1.780	28.4
-1.786	31.6
-1.791	35.2
-1.796	38.4
-1.802	41.2
-1.807	43.6
-1.812	45.2
-1.818	46.4
-1.823	46.8
-1.828	47.2
-1.834	47.6
-1.839	48.0
-1.844	47.6
-1.850	46.0
-1.855	43.6
-1.860	40.0
-1.866	36.4
-1.871	33.2
-1.876	30.4
-1.882	28.0
-1.887	25.6
-1.892	22.4
-1.898	19.2
-1.903	16.4
-1.908	14.0
-1.914	12.4
-1.919	11.6
-1.924	10.8
-1.930	10.8
-1.935	10.8
-1.940	11.2
-1.946	11.6
-1.951	12.4
-1.956	13.6
-1.962	15.2
-1.967	17.6
-1.972	20.4
-1.978	23.2
-1.983	26.4
-1.989	30.0
-1.994	33.6
-1.999	37.2
-2.005	40.4
-2.010	42.8
-2.015	44.4
-2.021	45.2
-2.026	45.6
-2.031	46.0
-2.037	46.0
-2.042	45.6
-2.047	44.4
-2.053	41.6
-2.058	38.4
-2.063	35.2
-2.069	32.0
-2.074	29.2
-2.079	26.8
-2.085	23.6
-2.090	20.0
-2.095	16.8
-2.101	14.4
-2.106	12.4
-2.111	11.2
-2.117	10.8
-2.122	10.4
-2.127	10.4
-2.133	10.8
-2.138	11.6
-2.143	12.8
-2.149	14.4
-2.154	16.8
-2.159	19.6
-2.165	22.8
-2.170	26.4
-2.175	30.4
-2.181	34.0
-2.186	38.0
-2.191	41.2
-2.197	42.8
-2.202	44.0
-2.207	44.4
-2.213	44.8
-2.218	45.6
-2.223	45.6
-2.229	43.6
-2.234	40.0
-2.240	36.0
-2.245	32.8
-2.250	30.4
-2.256	28.0
-2.261	25.2
-2.266	21.2
-2.272	17.6
-2.277	14.4
-2.282	12.4
-2.288	11.2
-2.293	10.4
-2.298	10.4
-2.304	10.4
-2.309	11.2
-2.314	12.0
-2.320	13.6
-2.325	15.6
-2.330	18.4
-2.336	21.6
-2.341	25.2
-2.346	28.8
-2.352	32.8
-2.357	36.4
-2.362	39.6
-2.368	41.6
-2.373	42.8
-2.378	44.4
-2.384	46.0
-2.389	46.8
-2.394	45.6
-2.400	42.4
-2.405	38.0
-2.410	34.4
-2.416	31.2
-2.421	28.0
-2.426	24.0
-2.432	19.6
-2.437	16.0
-2.442	13.2
-2.448	11.6
-2.453	10.8
-2.458	10.4
-2.464	10.4
-2.469	10.8
-2.474	12.0
-2.480	13.2
-2.485	15.6
-2.490	18.4
-2.496	21.6
-2.501	25.2
-2.506	29.2
-2.512	33.2
-2.517	36.8
-2.522	39.2
-2.528	40.8
-2.533	42.4
-2.538	44.4
-2.544	45.6
-2.549	44.4
-2.554	40.8
-2.560	36.8
-2.565	33.2
-2.570	30.4
-2.576	26.8
-2.581	22.8
-2.586	18.4
-2.592	14.8
-2.597	12.4
-2.602	11.2
-2.608	10.4
-2.613	10.4
-2.619	10.4
-2.624	11.2
-2.629	12.4
-2.635	14.8
-2.640	17.6
-2.645	21.6
-2.651	25.6
-2.656	30.0
-2.661	34.4
-2.667	37.6
-2.672	38.8
-2.677	39.6
-2.683	40.0
-2.688	41.2
-2.693	42.0
-2.699	40.0
-2.704	36.0
-2.709	32.4
-2.715	29.2
-2.720	26.4
-2.725	22.4
-2.731	18.4
-2.736	12.8
-2.741	11.6
-2.747	10.8
-2.752	10.4
-2.757	10.4
-2.763	10.8
-2.768	12.0
-2.773	13.6
-2.779	16.0
-2.784	19.2
-2.789	22.8
-2.795	27.2
-2.800	31.6
-2.805	35.6
-2.811	37.6
-2.816	38.8
-2.821	40.4
-2.827	42.0
-2.832	42.0
-2.837	39.2
-2.843	34.8
-2.848	31.2
-2.853	28.0
-2.859	24.4
-2.864	20.0
-2.869	16.0
-2.875	13.2
-2.880	11.6
-2.885	10.4
-2.891	10.4
-2.896	10.4
-2.901	11.6
-2.907	13.2
-2.912	15.6
-2.917	18.4
-2.923	22.0
-2.928	26.4
-2.933	31.2
-2.939	34.8
-2.944	37.2
-2.949	38.8
-2.955	40.4
-2.960	42.0
-2.965	41.2
-2.971	37.6
-2.976	33.2
-2.981	30.0
-2.987	26.8
-2.992	22.4
-2.997	17.6
-3.003	14.0
-3.008	12.0
-3.013	10.8
-3.019	10.4
-3.024	10.4
-3.029	11.2
-3.035	12.4
-3.040	14.8
-3.045	17.6
-3.051	21.6
-3.056	25.6
-3.061	30.4
-3.067	33.6
-3.072	35.2
-3.077	36.8
-3.083	38.4
-3.088	39.2
-3.093	37.2
-3.099	33.6
-3.104	30.0
-3.109	26.8
-3.115	22.8
-3.120	18.0
-3.125	14.4
-3.131	12.0
-3.136	10.8
-3.141	10.0
-3.147	10.0
-3.152	10.8
-3.157	12.4
-3.163	14.8
-3.168	18.0
-3.173	21.6
-3.179	26.0
-3.184	30.4
-3.189	33.2
-3.195	35.2
-3.200	36.8
-3.205	37.6
-3.211	36.4
-3.216	32.4
-3.221	27.6
-3.227	23.6
-3.232	20.8
-3.237	17.6
-3.243	14.4
-3.248	12.0
-3.253	10.8
-3.259	10.0
-3.264	10.0
-3.269	10.4
-3.275	11.2
-3.280	12.8
-3.285	15.2
-3.291	18.4
-3.296	22.0
-3.301	26.0
-3.306	29.6
-3.312	32.0
-3.317	34.0
-3.322	35.2
-3.328	34.8
-3.333	32.0
-3.338	28.4
-3.344	25.2
-3.349	21.6
-3.354	17.2
-3.360	13.6
-3.365	11.2
-3.370	10.0
-3.376	9.6
-3.381	10.0
-3.386	11.2
-3.392	13.2
-3.397	16.0
-3.402	19.2
-3.408	23.2
-3.413	27.2
-3.418	30.4
-3.424	32.0
-3.429	33.2
-3.434	34.0
-3.440	32.8
-3.445	29.6
-3.450	26.0
-3.456	22.4
-3.461	18.8
-3.466	15.2
-3.472	12.4
-3.477	10.4
-3.482	9.6
-3.488	9.2
-3.493	9.6
-3.498	11.2
-3.504	13.2
-3.509	16.0
-3.514	19.6
-3.520	23.6
-3.525	27.6
-3.530	30.0
-3.536	31.2
-3.541	32.0
-3.546	31.6
-3.552	29.6
-3.557	26.4
-3.562	23.2
-3.568	19.6
-3.573	16.0
-3.578	12.4
-3.584	10.4
-3.589	9.2
-3.594	8.8
-3.600	9.6
-3.605	10.8
-3.610	13.2
-3.616	16.0
-3.621	19.2
-3.626	22.8
-3.632	26.4
-3.637	28.8
-3.642	30.0
-3.647	30.4
-3.653	29.6
-3.658	27.2
-3.663	24.0
-3.669	20.8
-3.674	17.2
-3.679	13.6
-3.685	10.8
-3.690	9.2
-3.695	8.4
-3.701	8.8
-3.706	9.6
-3.711	11.6
-3.717	14.4
-3.722	17.6
-3.727	21.6
-3.733	24.8
-3.738	27.2
-3.743	28.4
-3.749	28.8
-3.754	28.0
-3.759	25.6
-3.765	22.4
-3.770	19.2
-3.775	16.0
-3.781	12.8
-3.786	10.0
-3.791	8.4
-3.797	8.0
-3.802	8.4
-3.807	9.6
-3.813	11.2
-3.818	14.0
-3.823	17.2
-3.829	20.8
-3.834	23.6
-3.839	26.0
-3.844	26.8
-3.850	26.4
-3.855	24.8
-3.860	22.4
-3.866	19.6
-3.871	16.4
-3.876	13.2
-3.882	10.8
-3.887	8.8
-3.892	8.0
-3.898	7.6
-3.903	8.0
-3.908	9.2
-3.914	11.2
-3.919	13.6
-3.924	16.4
-3.930	19.6
-3.935	22.0
-3.940	23.6
-3.946	23.6
-3.951	22.4
-3.956	20.4
-3.962	17.6
-3.967	14.8
-3.972	12.0
-3.978	9.6
-3.983	8.0
-3.988	7.2
-3.994	7.2
-3.999	7.6
-4.004	8.8
-4.009	10.8
-4.015	13.2
-4.020	16.0
-4.025	18.4
-4.031	20.4
-4.036	21.2
-4.041	20.8
-4.047	19.2
-4.052	17.2
-4.057	15.2
-4.063	12.8
-4.068	10.0
-4.073	8.0
-4.079	6.8
-4.084	6.4
-4.089	6.4
-4.095	7.2
-4.100	8.4
-4.105	10.4
-4.111	12.4
-4.116	14.8
-4.121	16.8
-4.127	18.0
-4.132	18.0
-4.137	17.2
-4.143	15.6
-4.148	13.6
-4.153	11.6
-4.158	9.2
-4.164	7.6
-4.169	6.4
-4.174	6.0
-4.180	6.0
-4.185	6.4
-4.190	7.6
-4.196	9.2
-4.201	11.2
-4.206	12.8
-4.212	14.0
-4.217	15.2
-4.222	15.2
-4.228	14.4
-4.233	12.8
-4.238	11.2
-4.244	9.2
-4.249	7.6
-4.254	6.0
-4.260	5.2
-4.265	4.8
-4.270	4.8
-4.275	5.6
-4.281	6.4
-4.286	8.0
-4.291	9.6
-4.297	11.2
-4.302	12.0
-4.307	12.4
-4.313	12.4
-4.318	11.6
-4.323	10.4
-4.329	9.2
-4.334	7.6
-4.339	6.0
-4.345	4.8
-4.350	4.4
-4.355	4.4
-4.361	4.4
-4.366	5.2
-4.371	6.4
-4.377	7.6
-4.382	8.8
-4.387	9.6
-4.392	10.0
-4.398	10.0
-4.403	9.6
-4.408	8.4
-4.414	7.6
-4.419	6.4
-4.424	5.2
-4.430	4.4
-4.435	4.0
-4.440	3.6
-4.446	3.6
-4.451	4.0
-4.456	4.8
-4.462	5.6
-4.467	6.8
-4.472	7.6
-4.478	8.0
-4.483	8.0
-4.488	7.2
-4.493	6.4
-4.499	5.2
-4.504	4.4
-4.509	3.6
-4.515	3.2
-4.520	3.2
-4.525	3.2
-4.531	3.2
-4.536	3.6
-4.541	4.0
-4.547	4.8
-4.552	5.2
-4.557	5.6
-4.563	6.0
-4.568	6.0
-4.573	5.6
-4.578	4.8
-4.584	4.4
-4.589	3.6
-4.594	3.2
-4.600	2.8
-4.605	2.8
-4.610	2.8
-4.616	2.8
-4.621	3.2
-4.626	3.6
-4.632	4.0
-4.637	4.0
-4.642	4.0
-4.648	4.0
-4.653	4.0
-4.658	4.0
-4.663	3.6
-4.669	3.2
-4.674	2.8
-4.679	2.4
-4.685	2.0
-4.690	2.0
-4.695	2.0
-4.701	2.4
-4.706	2.4
-4.711	2.8
-4.717	2.8
-4.722	3.2
-4.727	3.2
-4.733	3.2
-4.738	2.8
-4.743	2.8
-4.748	2.4
-4.754	2.0
-4.759	2.0
-4.764	2.0
-4.770	2.0
-4.775	2.0
-4.780	2.0
-4.786	2.0
-4.791	2.4
-4.796	2.4
-4.802	2.4
-4.807	2.4
-4.812	2.0
-4.818	2.0
-4.823	2.0
-4.828	2.0
-4.833	1.6
-4.839	1.6
-4.844	1.6
-4.849	1.6
-4.855	1.6
-4.860	1.6
-4.865	1.6
-4.871	1.6
-4.876	1.6
-4.881	1.6
-4.887	1.6
-4.892	1.6
-4.897	1.6
-4.902	1.6
-4.908	1.6
-4.913	1.6
-4.918	1.2
-4.924	1.2
-4.929	1.2
-4.934	1.2
-4.940	1.2
-4.945	1.2
-4.950	1.2
-4.956	1.2
-4.961	1.2
-4.966	1.2
-4.971	1.2
-4.977	1.2
-4.982	1.2
-4.987	1.2
-4.993	1.2
-4.998	1.2
-5.003	1.2
-5.009	1.2
-5.014	1.2
-5.019	1.2
-5.025	1.2
-5.030	1.2
-5.035	1.2
-5.040	1.2
-5.046	1.2
-5.051	1.2
-5.056	1.2
-5.062	1.2
-5.067	1.2
-5.072	1.2
-5.078	1.2
-5.083	1.2
-5.088	1.2
-5.094	1.2
-5.099	1.2
-5.104	1.2
-5.109	0.8
-5.115	0.8
-5.120	0.8
-5.125	0.8
-5.131	0.8
-5.136	0.8
-5.141	0.8
-5.147	0.8
-5.152	0.8
-5.157	0.8
-5.162	0.8
-5.168	0.8
-5.173	0.8
-5.178	0.8
-5.184	0.8
-5.189	0.8
-5.194	0.8
-5.200	0.8
-5.205	0.8
-5.210	0.8
-5.216	0.8
-5.221	0.8
-5.226	0.8
-5.231	0.8
-5.237	0.8
-5.242	0.8
-5.247	0.8
-5.253	0.8
-5.258	0.8
-5.263	0.8
-5.269	0.8
-5.274	0.8
-5.279	0.8
-5.284	0.8
-5.290	0.8
-5.295	0.8
-5.300	0.8
-5.306	0.8
-5.311	0.8
-5.316	0.8
-5.322	0.8
-5.327	0.8
-5.332	0.8
-5.337	0.8
-5.343	0.8
-5.348	0.8
-5.353	0.8
-5.359	0.8
-5.364	0.8
-5.369	0.8
-5.375	0.8
-5.380	0.8
-5.385	0.8
-5.390	0.8
-5.396	0.8
-5.401	0.8
-5.406	0.8
-5.412	0.8
-5.417	0.8
-5.422	0.8
-5.428	0.8
-5.433	0.8
-5.438	0.8
-5.443	0.8
-5.449	0.8
-5.454	0.8
